3150.0	3123.0	3158.0	3147.0	3120.0	3128.0	758.0	0.43	7.41	-1.71	-0.44	-1.2	-0.93
3126.0	3178.0	3382.0	3973.0	3360.0	3440.0	763.0	0.72	0.51	-7.79	-0.93	-2.08	-1.71
3257.0	3525.0	3510.0	3500.0	3493.0	3556.0	768.0	-1.69	11.93	-9.77	-2.53	-0.41	-0.48
3830.0	3120.0	3149.0	3130.0	3103.0	3535.0	774.0	3.35	8.54	-7.97	-1.0	-0.07	-0.19
3239.0	3143.0	3142.0	3117.0	3095.0	3686.0	779.0	1.82	7.16	-7.76	-0.4	-0.35	-0.3
3360.0	3159.0	3155.0	3122.0	3108.0	3600.0	784.0	1.11	6.12	-7.56	-0.13	-0.32	-0.29
3591.0	3159.0	3147.0	3124.0	3091.0	3620.0	790.0	1.53	5.77	-7.47	-0.07	-0.25	-0.24
3292.0	3146.0	3140.0	3126.0	3118.0	3554.0	795.0	1.09	5.9	-7.45	-0.16	-0.14	-0.16
3282.0	3147.0	3144.0	3126.0	3113.0	3432.0	800.0	1.44	5.61	-7.6	-0.15	-0.08	-0.12
3566.0	3174.0	3120.0	3126.0	3109.0	3292.0	805.0	1.43	6.11	-7.33	-0.15	-0.15	-0.19
3300.0	3172.0	3135.0	3128.0	3115.0	3277.0	811.0	0.88	5.88	-7.61	-0.08	-0.09	-0.17
3294.0	3194.0	3152.0	3150.0	3131.0	3292.0	816.0	1.13	5.82	-7.51	-0.07	-0.08	-0.13
3592.0	3217.0	3171.0	3154.0	3132.0	3248.0	821.0	1.16	5.7	-7.54	-0.08	-0.07	-0.13
3356.0	3249.0	3192.0	3177.0	3149.0	3175.0	826.0	0.77	5.49	-7.77	-0.35	0.1	-0.07
3341.0	3297.0	3202.0	3205.0	3160.0	3160.0	832.0	1.64	5.94	-7.61	-0.73	0.16	-0.07
3474.0	3322.0	3246.0	3232.0	3149.0	3135.0	837.0	1.45	5.97	-7.82	-0.96	0.23	-0.15
3119.0	3209.0	3295.0	3269.0	3178.0	3144.0	842.0	1.89	5.59	-8.78	-2.3	0.39	-0.31
3136.0	3146.0	3272.0	3486.0	3517.0	3502.0	848.0	3.33	8.14	-9.03	-3.95	-0.09	-0.83
4045.0	3931.0	3520.0	3223.0	3165.0	3179.0	853.0	0.94	10.45	-8.55	-4.53	0.09	-1.31
3145.0	3125.0	3146.0	3135.0	3139.0	3154.0	858.0	1.3	8.63	-4.24	-4.53	-0.53	-1.97
3106.0	3101.0	3145.0	3137.0	3116.0	3139.0	863.0	0.02	7.63	-2.79	-4.53	0.14	-1.82
3358.0	3137.0	3168.0	3157.0	3121.0	3166.0	869.0	4.47	5.02	-8.66	2.11	0.18	-1.15
3127.0	3130.0	3168.0	3155.0	3127.0	3137.0	874.0	1.91	5.95	-6.2	3.79	0.14	-0.13
3134.0	3147.0	3186.0	3174.0	3148.0	3144.0	879.0	1.09	6.58	-6.6	4.19	0.5	0.44
3334.0	3112.0	3117.0	3127.0	3106.0	3124.0	885.0	1.09	7.69	-7.53	4.19	1.14	0.87
3109.0	3131.0	3179.0	3161.0	3129.0	3137.0	890.0	4.18	15.79	-13.74	3.32	0.92	2.59
3132.0	3111.0	3162.0	3141.0	3089.0	3105.0	895.0	6.44	21.01	-11.9	4.03	-1.24	3.45
3342.0	3099.0	3156.0	3136.0	3101.0	3138.0	900.0	-0.74	17.71	5.64	3.93	-2.15	2.75
3117.0	3135.0	3190.0	3147.0	3135.0	3144.0	906.0	1.09	14.09	4.17	0.01	0.56	1.23
3138.0	3126.0	3160.0	3151.0	3125.0	3419.0	911.0	0.07	4.48	-11.74	-2.29	-0.86	-0.28
3459.0	3207.0	3220.0	3224.0	3217.0	3174.0	916.0	-2.57	10.84	-10.12	-3.24	0.98	-0.17
3125.0	3164.0	3161.0	3157.0	3138.0	3970.0	921.0	4.97	11.65	-9.45	-2.16	0.96	0.04
3254.0	3162.0	3153.0	3143.0	3125.0	4008.0	927.0	2.53	6.64	-8.01	-0.48	0.16	0.06
3459.0	3132.0	3143.0	3115.0	3087.0	3938.0	932.0	1.32	5.19	-7.76	-0.01	-0.02	-0.11
3302.0	3127.0	3147.0	3127.0	3095.0	3739.0	937.0	2.45	5.46	-7.54	-0.11	-0.09	-0.21
3230.0	3115.0	3153.0	3132.0	3087.0	3746.0	942.0	1.39	4.69	-7.52	-0.21	-0.38	-0.39
3555.0	3140.0	3167.0	3147.0	3117.0	3644.0	948.0	1.67	5.92	-7.56	-0.48	-0.27	-0.32
3329.0	3166.0	3147.0	3144.0	3109.0	3341.0	953.0	0.66	5.38	-7.85	-0.38	-0.04	-0.19
3406.0	3268.0	3175.0	3164.0	3135.0	3177.0	958.0	1.48	5.62	-7.83	-0.57	0.31	0.03
3527.0	3435.0	3208.0	3216.0	3201.0	3183.0	964.0	1.83	6.1	-7.41	-0.94	0.15	-0.25
3195.0	3442.0	3213.0	3332.0	3306.0	3132.0	969.0	1.55	5.58	-8.23	-1.38	0.41	-0.23
3120.0	3196.0	3265.0	3418.0	3283.0	3135.0	974.0	3.82	5.62	-9.22	-3.33	0.38	-0.39
3257.0	3180.0	3302.0	3269.0	3247.0	3264.0	980.0	4.55	11.72	-12.09	-4.53	-0.06	-1.91
3239.0	3250.0	3226.0	3146.0	3110.0	3112.0	985.0	6.77	14.22	-12.57	-4.53	-0.02	-2.63
3114.0	3135.0	3163.0	3147.0	3119.0	3142.0	990.0	8.9	19.96	-17.53	-4.53	-2.45	-3.62
3241.0	3135.0	3196.0	3177.0	3173.0	3229.0	995.0	5.27	4.15	-13.0	2.84	-2.22	-0.34
3203.0	3196.0	3217.0	3180.0	3143.0	3164.0	1001.0	0.84	7.6	-8.18	4.19	-0.78	-0.06
3200.0	3198.0	3196.0	3182.0	3181.0	3168.0	1006.0	0.29	4.77	-5.38	4.19	-0.38	0.26
3280.0	3158.0	3182.0	3180.0	3144.0	3182.0	1011.0	-0.95	9.23	-9.14	4.19	1.22	0.92
3154.0	3142.0	3168.0	3404.0	3436.0	3300.0	1016.0	0.11	19.15	-9.02	4.19	2.27	1.62
3324.0	3123.0	3169.0	3145.0	3110.0	3120.0	1022.0	-1.47	27.39	7.7	4.16	1.71	2.53
3241.0	3120.0	3166.0	3151.0	3121.0	3140.0	1027.0	0.38	20.1	11.99	1.98	-0.65	-0.34
3126.0	3126.0	3164.0	3185.0	3160.0	4515.0	1032.0	-8.84	0.13	-9.08	-3.19	-2.77	-1.26
3131.0	3107.0	3121.0	3122.0	3104.0	4274.0	1037.0	-1.75	13.82	-10.56	-4.16	-0.38	-0.35
3356.0	3155.0	3125.0	3140.0	3134.0	3421.0	1043.0	2.48	8.24	-7.82	-0.96	0.05	0.11
3285.0	3130.0	3098.0	3131.0	3104.0	3124.0	1048.0	0.31	5.81	-7.59	-0.36	0.13	0.02
3254.0	3206.0	3135.0	3142.0	3074.0	3083.0	1053.0	0.99	6.3	-7.24	-0.46	0.23	0.06
3396.0	3235.0	3161.0	3157.0	3143.0	3116.0	1059.0	2.08	6.3	-7.17	-0.29	0.07	-0.11
3241.0	3291.0	3185.0	3185.0	3121.0	3141.0	1064.0	0.75	6.16	-7.36	-0.18	-0.08	-0.28
3220.0	3314.0	3225.0	3196.0	3126.0	3116.0	1069.0	0.94	5.87	-7.78	-0.46	0.01	-0.26
3226.0	3299.0	3258.0	3296.0	3162.0	3122.0	1074.0	1.05	5.54	-8.7	-1.48	0.45	-0.28
3133.0	3182.0	3242.0	3328.0	3137.0	3148.0	1080.0	0.15	5.01	-10.31	-4.2	0.62	-0.37
3172.0	3277.0	3337.0	3436.0	3160.0	3125.0	1085.0	2.57	12.15	-10.82	-4.53	0.84	-0.74
3201.0	3127.0	3138.0	3136.0	3102.0	3120.0	1090.0	5.02	13.69	-10.43	-4.53	3.75	-2.16
3144.0	3149.0	3187.0	3179.0	3150.0	3166.0	1095.0	11.22	1.24	-15.77	1.09	3.37	-4.29
3154.0	3141.0	3170.0	3174.0	3146.0	3161.0	1101.0	1.66	-0.41	-8.65	3.36	2.24	-0.9
3226.0	3120.0	3131.0	3162.0	3110.0	3119.0	1106.0	-4.11	5.73	-11.58	4.19	3.39	1.11
3151.0	3124.0	3146.0	3214.0	3166.0	3218.0	1111.0	-3.3	8.29	-10.58	4.19	3.99	1.04
3162.0	3302.0	3389.0	3371.0	3347.0	3332.0	1116.0	6.42	19.0	-14.86	3.58	2.76	3.79
3196.0	3138.0	3167.0	3166.0	3125.0	3156.0	1122.0	-2.62	18.9	3.05	2.09	0.47	1.78
3283.0	3137.0	3167.0	3150.0	3117.0	3129.0	1127.0	1.75	13.19	3.13	0.32	0.02	-0.16
3132.0	3150.0	3150.0	3154.0	3139.0	3188.0	1132.0	-4.84	3.37	-9.4	-2.85	-3.72	0.88
3241.0	3212.0	3301.0	3187.0	3138.0	3175.0	1138.0	1.52	12.63	-11.3	-4.39	-1.56	-1.92
3263.0	3183.0	3159.0	3151.0	3153.0	3528.0	1143.0	-1.82	6.31	-7.72	0.02	-0.64	-0.6
3304.0	3169.0	3159.0	3151.0	3134.0	3335.0	1148.0	-0.14	5.94	-7.05	-0.15	-0.23	-0.31
3316.0	3180.0	3185.0	3155.0	3145.0	3192.0	1153.0	0.36	6.27	-7.25	-0.24	0.03	-0.1
3257.0	3192.0	3213.0	3140.0	3123.0	3158.0	1159.0	0.48	6.36	-7.2	-0.22	0.0	-0.14
3225.0	3191.0	3218.0	3145.0	3134.0	3147.0	1164.0	0.29	6.33	-7.27	-0.17	0.03	-0.12
3251.0	3201.0	3239.0	3139.0	3121.0	3157.0	1169.0	0.67	6.26	-7.39	-0.11	0.16	-0.02
3182.0	3180.0	3251.0	3125.0	3125.0	3145.0	1174.0	-0.42	5.81	-8.01	-0.19	0.16	0.02
3136.0	3184.0	3158.0	3134.0	3158.0	3245.0	1180.0	2.2	5.2	-9.5	-1.5	0.87	0.24
3173.0	3269.0	3315.0	3300.0	3246.0	3117.0	1185.0	2.6	8.54	-8.38	-1.91	1.0	-0.68
3142.0	3151.0	3166.0	3161.0	3132.0	3162.0	1190.0	3.5	3.31	-12.22	0.25	0.45	-1.86
3156.0	3147.0	3173.0	3165.0	3137.0	3140.0	1195.0	1.86	-0.17	-6.86	1.55	0.54	-0.61
3182.0	3140.0	3160.0	3151.0	3111.0	3129.0	1201.0	0.34	6.12	-7.01	1.72	1.37	0.43
3150.0	3115.0	3163.0	3155.0	3171.0	3167.0	1206.0	0.58	9.17	-4.72	1.33	0.54	0.27
3116.0	3093.0	3159.0	3153.0	3126.0	3118.0	1211.0	-2.9	8.77	2.92	-0.54	-1.65	-1.23
3167.0	3126.0	3243.0	3250.0	3136.0	3237.0	1217.0	-1.45	3.87	-4.97	-0.1	-0.48	-0.49
3425.0	3243.0	3142.0	3133.0	3100.0	3163.0	1222.0	1.18	6.15	-7.55	-0.31	0.13	0.05
3397.0	3298.0	3390.0	3351.0	3356.0	3253.0	1227.0	1.91	6.35	-7.09	-0.36	0.06	0.01
3407.0	3399.0	3404.0	3395.0	3366.0	3400.0	1232.0	1.56	6.17	-7.3	-0.27	0.0	-0.09
3378.0	3411.0	3418.0	3398.0	3374.0	3377.0	1238.0	1.11	6.39	-7.37	-0.32	-0.01	-0.18
3384.0	3411.0	3409.0	3397.0	3366.0	3378.0	1243.0	2.55	6.01	-8.16	-0.62	-0.01	-0.32
3416.0	3386.0	3548.0	3389.0	3371.0	3413.0	1248.0	1.32	3.18	-11.5	-0.49	-0.93	-0.3
3384.0	3389.0	3424.0	3403.0	3374.0	3385.0	1254.0	0.54	0.52	-11.43	0.5	-0.53	0.4
3385.0	3389.0	3411.0	3408.0	3377.0	3392.0	1259.0	-0.93	1.32	-11.01	0.78	0.09	-0.09
3424.0	3379.0	3418.0	3415.0	3391.0	3418.0	1264.0	0.02	4.97	-10.55	1.62	0.67	-0.5
3414.0	3285.0	3155.0	3144.0	3109.0	3121.0	1269.0	0.28	3.8	-6.13	1.31	0.72	-0.58
3169.0	3193.0	3493.0	3484.0	3448.0	3465.0	1275.0	2.47	9.95	-7.15	1.43	1.35	-0.73
3487.0	3417.0	3483.0	3488.0	3454.0	3419.0	1280.0	0.23	9.77	-1.0	0.26	0.66	-1.82
3143.0	3131.0	3145.0	3134.0	3092.0	3205.0	1285.0	1.74	8.41	5.26	-0.99	-0.39	-2.35
3167.0	3130.0	3144.0	3151.0	3117.0	3267.0	1290.0	-1.18	9.6	-9.74	-2.72	-0.48	-0.09
3167.0	3135.0	3147.0	3136.0	3109.0	3316.0	1296.0	2.29	3.46	-7.26	-1.14	0.08	0.01
3226.0	3130.0	3127.0	3115.0	3099.0	3215.0	1301.0	1.69	6.34	-7.49	-0.43	0.08	0.08
3267.0	3194.0	3121.0	3113.0	3092.0	3256.0	1306.0	0.37	6.14	-7.57	-0.45	0.13	0.05
3458.0	3244.0	3159.0	3163.0	3079.0	3103.0	1312.0	1.13	6.58	-7.04	-0.53	0.27	0.17
3188.0	3178.0	3131.0	3168.0	3067.0	3083.0	1317.0	2.09	6.7	-6.81	-0.33	0.1	0.02
3190.0	3438.0	3418.0	3430.0	3381.0	3378.0	1322.0	1.82	6.51	-6.9	-0.11	-0.0	-0.12
3475.0	3385.0	3155.0	3239.0	3148.0	3245.0	1327.0	1.62	6.59	-6.78	-0.03	-0.03	-0.2
3184.0	3329.0	3149.0	3168.0	3109.0	3087.0	1333.0	1.44	6.49	-6.97	-0.03	-0.04	-0.18
3139.0	3299.0	3121.0	3144.0	3112.0	3091.0	1338.0	1.7	6.47	-6.9	0.0	-0.01	-0.16
3214.0	3330.0	3163.0	3153.0	3109.0	3099.0	1343.0	1.85	6.28	-7.24	-0.02	-0.09	-0.31
3161.0	3252.0	3186.0	3164.0	3107.0	3104.0	1348.0	3.1	5.62	-8.27	-0.53	-0.0	-0.66
3096.0	3119.0	3254.0	3164.0	3133.0	3122.0	1354.0	2.49	8.96	-6.43	-1.39	0.81	-1.9
3199.0	3142.0	3197.0	3200.0	3142.0	3302.0	1359.0	8.95	12.68	-0.02	0.19	4.29	-4.46
3151.0	3129.0	3142.0	3161.0	3107.0	3172.0	1364.0	13.11	2.53	6.34	0.82	4.29	-4.46
3128.0	3117.0	3141.0	3145.0	3109.0	3119.0	1369.0	12.22	9.49	-9.57	1.8	4.29	-2.99
3236.0	3116.0	3143.0	3139.0	3111.0	3121.0	1375.0	4.04	6.65	-7.7	-0.18	2.19	-1.9
3147.0	3116.0	3159.0	3142.0	3092.0	3093.0	1380.0	-3.03	0.34	-8.15	-0.14	0.4	-0.75
3113.0	3193.0	3339.0	3208.0	3094.0	3125.0	1385.0	-0.07	-4.81	-11.4	-1.5	-1.18	0.71
3372.0	3122.0	3154.0	3134.0	4252.0	11313.0	1391.0	-2.96	1.9	-14.37	1.82	-1.94	0.38
11363.0	3360.0	3302.0	3569.0	3293.0	3834.0	1396.0	-18.14	13.0	-5.73	3.09	-0.2	-1.88
11372.0	6706.0	3371.0	3157.0	3284.0	3532.0	1401.0	-8.57	-1.79	-8.02	0.9	0.16	0.36
3148.0	9242.0	8723.0	3689.0	3121.0	3143.0	1406.0	-1.81	17.56	-9.11	-2.0	-0.47	-0.43
3163.0	3160.0	3164.0	3118.0	3076.0	3128.0	1412.0	0.47	6.86	-7.7	-0.94	-0.33	-0.39
3144.0	3130.0	3164.0	3375.0	3274.0	3296.0	1417.0	1.39	6.73	-7.05	-0.26	-0.15	-0.38
3346.0	3317.0	3324.0	3324.0	3284.0	3166.0	1422.0	-0.86	5.72	-7.64	-0.12	0.29	-0.4
3094.0	3088.0	3181.0	3110.0	3067.0	3157.0	1428.0	1.8	6.93	-6.47	0.0	0.93	-0.58
3091.0	3074.0	3055.0	3050.0	3038.0	3030.0	1433.0	1.16	6.57	-6.88	0.08	-0.23	-0.15
3206.0	3276.0	3289.0	3290.0	3263.0	3315.0	1438.0	2.2	6.43	-7.49	0.37	-0.68	-0.47
3332.0	3214.0	3209.0	3198.0	3168.0	3580.0	1443.0	0.43	5.71	-8.01	0.52	-0.74	-0.63
3281.0	3194.0	3209.0	3198.0	3170.0	3494.0	1449.0	-1.07	5.12	-7.89	0.04	-0.42	-0.51
9106.0	11474.0	11427.0	11392.0	11367.0	12348.0	1454.0	1.1	5.32	-7.63	-0.17	-0.32	-0.45
3453.0	3436.0	3460.0	3452.0	3424.0	3971.0	1459.0	0.24	5.4	-7.66	-0.01	-0.45	-0.53
3465.0	3451.0	3500.0	3746.0	3439.0	4027.0	1464.0	-0.99	4.9	-7.54	0.01	-0.35	-0.4
3519.0	3453.0	3479.0	3454.0	3420.0	4016.0	1470.0	-0.64	5.66	-8.02	-0.15	-0.1	-0.17
3466.0	3432.0	3449.0	3444.0	3411.0	3726.0	1475.0	0.11	6.0	-8.12	-0.2	-0.33	-0.34
3434.0	3422.0	3452.0	3446.0	3411.0	3457.0	1480.0	0.57	5.35	-8.48	-0.48	-0.91	-0.81
3469.0	3452.0	3491.0	3485.0	3465.0	3493.0	1486.0	3.06	8.43	-9.75	-0.89	-1.62	-1.45
3480.0	3320.0	3250.0	3230.0	3160.0	3137.0	1491.0	-0.42	9.8	-5.04	-1.62	2.21	-3.56
3137.0	3130.0	3170.0	3151.0	3120.0	3132.0	1496.0	3.72	7.36	-7.14	-0.77	3.21	-0.55
3161.0	3102.0	3146.0	3125.0	3093.0	3110.0	1501.0	-2.28	5.02	-7.64	-0.25	1.57	0.98
3125.0	3080.0	3107.0	3087.0	3048.0	3220.0	1507.0	-2.48	4.01	-9.6	-0.1	1.78	-0.41
3190.0	3263.0	3227.0	3241.0	3614.0	3261.0	1512.0	-2.38	2.99	-8.54	0.02	0.78	-0.32
3298.0	3269.0	3291.0	3283.0	3254.0	3261.0	1517.0	-2.42	4.48	-8.75	-0.03	-0.16	0.01
3281.0	3266.0	3295.0	3283.0	3280.0	3298.0	1522.0	-1.27	4.51	-8.85	-0.21	0.12	-0.15
3253.0	3134.0	3152.0	3153.0	3110.0	3111.0	1528.0	-1.8	4.73	-8.74	-0.0	-0.11	0.07
3333.0	3308.0	3338.0	3327.0	3295.0	3303.0	1533.0	-1.82	4.63	-7.53	0.11	0.25	-0.42
3306.0	3309.0	3346.0	3336.0	3300.0	3327.0	1538.0	-0.4	7.07	-8.31	-0.22	0.58	-0.86
3309.0	3314.0	3343.0	3333.0	3273.0	3312.0	1544.0	0.86	5.65	-5.7	0.06	0.81	-0.9
3307.0	3345.0	3349.0	3227.0	3306.0	3344.0	1549.0	1.8	3.71	-7.73	-0.62	0.54	-0.52
3350.0	3406.0	3398.0	3377.0	3349.0	3351.0	1554.0	-1.42	8.48	-7.64	-0.38	-0.02	0.11
3187.0	3380.0	3391.0	3387.0	3331.0	3119.0	1559.0	-0.83	6.12	-7.37	-0.18	0.02	-0.01
3410.0	3358.0	3374.0	3251.0	3068.0	3116.0	1565.0	1.22	6.29	-7.35	-0.08	0.06	0.03
3102.0	3108.0	3137.0	3118.0	3146.0	3197.0	1570.0	0.88	6.06	-7.42	-0.02	-0.01	-0.03
3121.0	3165.0	3208.0	3172.0	3108.0	3215.0	1575.0	0.38	5.79	-7.56	-0.02	0.03	-0.03
3307.0	3348.0	3332.0	3095.0	3079.0	3236.0	1581.0	1.45	6.06	-7.53	-0.2	0.07	-0.01
3233.0	3125.0	3133.0	3131.0	3110.0	3131.0	1586.0	1.02	6.12	-7.44	-0.19	-0.05	-0.1
3255.0	3133.0	3146.0	3139.0	3100.0	3193.0	1591.0	0.82	5.83	-7.55	-0.18	-0.06	-0.11
3284.0	3125.0	3122.0	3121.0	3113.0	3223.0	1596.0	1.23	6.2	-7.35	-0.19	-0.14	-0.17
3273.0	3159.0	3145.0	3132.0	3110.0	3173.0	1602.0	0.64	6.02	-7.46	-0.13	-0.14	-0.18
3278.0	3159.0	3144.0	3132.0	3114.0	3162.0	1607.0	0.86	5.96	-7.4	-0.16	-0.14	-0.17
3389.0	3151.0	3152.0	3138.0	3105.0	3149.0	1612.0	0.74	6.0	-7.46	-0.21	-0.07	-0.13
3322.0	3154.0	3141.0	3141.0	3112.0	3129.0	1617.0	0.87	6.1	-7.38	-0.24	-0.05	-0.12
3264.0	3164.0	3173.0	3141.0	3109.0	3126.0	1623.0	0.67	6.19	-7.31	-0.26	-0.04	-0.12
3254.0	3153.0	3200.0	3146.0	3104.0	3151.0	1628.0	0.79	6.19	-7.32	-0.22	-0.04	-0.11
3205.0	3153.0	3178.0	3135.0	3115.0	3122.0	1633.0	0.81	6.23	-7.29	-0.21	-0.07	-0.14
3177.0	3143.0	3177.0	3143.0	3123.0	3117.0	1639.0	0.59	6.21	-7.24	-0.18	-0.03	-0.1
3211.0	3143.0	3193.0	3145.0	3096.0	3116.0	1644.0	0.91	6.18	-7.26	-0.2	-0.02	-0.1
3205.0	3152.0	3201.0	3152.0	3106.0	3113.0	1649.0	0.85	6.19	-7.31	-0.24	0.02	-0.07
3211.0	3155.0	3223.0	3162.0	3096.0	3110.0	1654.0	0.92	6.37	-7.23	-0.28	0.02	-0.06
3199.0	3168.0	3209.0	3153.0	3100.0	3132.0	1660.0	0.81	6.4	-7.12	-0.3	0.03	-0.07
3138.0	3170.0	3260.0	3165.0	3102.0	3111.0	1665.0	1.17	6.52	-7.05	-0.29	0.04	-0.05
3132.0	3192.0	3226.0	3172.0	3112.0	3105.0	1670.0	1.15	6.59	-7.02	-0.24	-0.02	-0.09
3155.0	3189.0	3222.0	3165.0	3111.0	3112.0	1676.0	1.11	6.57	-6.94	-0.08	-0.11	-0.16
3127.0	3181.0	3212.0	3166.0	3106.0	3107.0	1681.0	0.79	6.46	-7.05	0.05	-0.13	-0.15
3124.0	3185.0	3205.0	3152.0	3100.0	3100.0	1686.0	0.81	6.31	-7.18	0.07	-0.1	-0.11
3207.0	3200.0	3214.0	3148.0	3098.0	3113.0	1691.0	1.1	6.33	-7.24	0.0	-0.08	-0.09
3199.0	3189.0	3197.0	3141.0	3100.0	3131.0	1697.0	0.88	6.16	-7.27	0.04	-0.15	-0.14
3179.0	3191.0	3201.0	3127.0	3080.0	3110.0	1702.0	0.81	6.06	-7.42	-0.01	-0.15	-0.14
3203.0	3175.0	3189.0	3120.0	3085.0	3110.0	1707.0	0.78	5.98	-7.33	-0.14	-0.13	-0.14
3184.0	3169.0	3187.0	3124.0	3090.0	3114.0	1712.0	0.81	5.99	-7.55	-0.34	-0.03	-0.1
3139.0	3146.0	3191.0	3113.0	3083.0	3104.0	1718.0	0.89	6.19	-7.71	-0.57	0.06	-0.07
3100.0	3121.0	3232.0	3139.0	3117.0	3124.0	1723.0	1.75	6.75	-8.14	-1.23	-0.09	-0.27
3121.0	3171.0	3155.0	3136.0	3111.0	3121.0	1728.0	4.76	19.55	4.1	-0.64	1.97	-1.51
3121.0	3118.0	3162.0	3139.0	3104.0	3119.0	1734.0	2.7	16.48	4.02	2.26	-0.84	-2.76
3307.0	3224.0	3275.0	3236.0	3114.0	3148.0	1739.0	3.55	11.16	0.11	-0.56	4.29	-1.48
3124.0	3105.0	3148.0	3142.0	3108.0	3113.0	1744.0	2.37	13.51	-7.69	-0.55	2.54	-1.52
3105.0	3100.0	3118.0	3115.0	3066.0	3121.0	1749.0	-1.79	4.84	-6.0	0.08	1.63	-3.12
3194.0	3105.0	3159.0	3157.0	3105.0	3128.0	1755.0	3.31	6.61	-9.04	-0.5	2.22	-3.66
3078.0	3464.0	10658.0	11398.0	11285.0	10455.0	1760.0	1.91	3.76	-7.91	-0.51	1.55	-3.54
6042.0	5893.0	9725.0	11404.0	11362.0	11349.0	1765.0	1.22	5.2	-8.48	0.07	1.81	-3.2
10486.0	10138.0	9555.0	9892.0	7105.0	9127.0	1771.0	0.89	6.42	-8.48	0.13	2.13	-3.28
8997.0	10251.0	8461.0	10740.0	11156.0	11253.0	1776.0	1.45	7.27	-7.36	0.48	1.98	-3.38
11289.0	11455.0	11465.0	11436.0	11415.0	11397.0	1781.0	1.73	8.69	-6.19	0.56	2.19	-3.62
11403.0	11432.0	11460.0	11443.0	11409.0	11411.0	1786.0	3.13	8.72	-4.27	-0.01	1.91	-3.52
11426.0	11459.0	11474.0	11452.0	6953.0	3063.0	1792.0	5.49	9.81	-2.28	-0.51	2.78	-2.76
3229.0	6484.0	11063.0	7868.0	4497.0	3579.0	1797.0	12.1	-1.12	-8.77	-0.27	1.94	-0.65
5015.0	3744.0	8751.0	11412.0	11197.0	5014.0	1802.0	-1.35	7.58	-8.35	-1.65	-0.21	0.43
4975.0	7511.0	3815.0	3377.0	3418.0	3610.0	1808.0	-0.23	6.45	-7.63	-0.28	0.72	0.53
3396.0	3404.0	3445.0	3463.0	3424.0	3440.0	1813.0	2.09	6.06	-7.67	-0.3	0.43	0.16
3822.0	3419.0	3437.0	3435.0	3395.0	3405.0	1818.0	1.3	6.13	-7.33	-0.17	0.1	-0.07
3426.0	3403.0	3443.0	3429.0	3392.0	3414.0	1823.0	0.67	5.89	-7.28	-0.03	0.08	-0.12
3423.0	3421.0	3437.0	3432.0	3396.0	3409.0	1829.0	0.74	5.98	-7.46	-0.1	-0.06	-0.22
3776.0	3390.0	3406.0	3412.0	3367.0	3389.0	1834.0	0.63	5.41	-8.42	-0.47	0.31	0.05
3392.0	3379.0	3406.0	3404.0	3471.0	3160.0	1839.0	1.74	2.41	-12.9	-3.01	0.79	-0.14
3394.0	3950.0	5374.0	3757.0	4075.0	3796.0	1844.0	3.33	9.8	-11.91	-4.53	0.48	-0.92
3999.0	3468.0	3305.0	3195.0	3116.0	3148.0	1850.0	4.69	12.57	-11.31	-4.53	0.44	-1.13
3125.0	3119.0	3168.0	3156.0	3165.0	3262.0	1855.0	3.29	23.42	-19.11	-4.53	0.17	-0.84
3177.0	3190.0	3197.0	3283.0	3280.0	3312.0	1860.0	7.82	6.67	-25.85	1.43	0.44	-1.31
3307.0	3145.0	3204.0	3184.0	3169.0	3157.0	1866.0	-0.12	3.23	-14.22	4.19	-0.07	-1.47
3163.0	5757.0	8894.0	6504.0	6472.0	6487.0	1871.0	-3.69	9.24	-9.63	4.19	1.31	-0.34
9082.0	10864.0	3385.0	3149.0	3379.0	3438.0	1876.0	-3.84	16.91	-8.27	4.19	3.18	-0.55
3532.0	3908.0	3497.0	8199.0	9256.0	3127.0	1881.0	-0.65	39.45	0.22	4.19	2.42	3.72
3150.0	3158.0	3195.0	3165.0	3143.0	3156.0	1887.0	-4.71	27.67	18.46	1.39	0.58	2.01
3157.0	3160.0	3255.0	3237.0	3204.0	3454.0	1892.0	-4.21	19.34	18.14	-2.51	-2.0	-1.22
4039.0	3456.0	3424.0	3474.0	3191.0	3900.0	1897.0	21.1	27.32	-16.67	-3.98	-1.08	-2.33
3465.0	3335.0	3181.0	3279.0	3500.0	3455.0	1903.0	-3.39	6.39	-8.6	-0.65	-0.03	-0.39
3445.0	3446.0	3456.0	3452.0	3400.0	3422.0	1908.0	0.45	5.41	-9.52	-1.54	0.61	-0.1
3846.0	3427.0	3486.0	4389.0	4647.0	3636.0	1913.0	3.15	3.61	-13.23	-4.53	0.35	-0.86
3411.0	3205.0	3233.0	3129.0	3101.0	3114.0	1919.0	4.57	18.62	-13.7	-4.53	-0.0	-1.9
3116.0	3123.0	3176.0	3154.0	3138.0	3133.0	1924.0	6.27	23.76	-15.96	-4.53	-1.48	-2.45
3428.0	3131.0	3160.0	3153.0	3127.0	3155.0	1929.0	2.15	5.86	-21.1	-1.12	-0.25	-1.87
3131.0	3131.0	3152.0	3151.0	3111.0	3116.0	1934.0	6.8	6.98	-19.37	2.62	-1.45	-1.45
3143.0	3179.0	3173.0	3161.0	3135.0	3139.0	1940.0	-2.76	7.79	-7.83	4.19	0.73	0.03
3278.0	3216.0	3486.0	3487.0	3452.0	3462.0	1945.0	-2.6	10.17	-6.48	4.19	3.47	-0.25
3456.0	3480.0	3496.0	3499.0	3450.0	3455.0	1950.0	-3.94	27.92	-12.56	4.19	3.66	2.14
3323.0	3128.0	3155.0	3144.0	3126.0	3084.0	1955.0	2.78	40.42	11.45	4.19	1.55	4.27
3312.0	3297.0	3470.0	3332.0	3283.0	3225.0	1961.0	-1.83	18.95	9.36	0.83	1.07	1.17
3233.0	3261.0	3273.0	3218.0	3184.0	3526.0	1966.0	1.32	4.0	18.52	-1.23	-1.17	-0.2
3388.0	3888.0	3931.0	3111.0	3102.0	3917.0	1971.0	-14.37	25.31	-3.85	-4.53	-3.18	-2.94
3896.0	3370.0	3383.0	3646.0	3540.0	3410.0	1977.0	-1.92	5.7	-7.93	-0.54	0.26	-0.07
3569.0	3544.0	4148.0	3455.0	3389.0	3411.0	1982.0	3.04	5.0	-9.72	-1.39	0.71	0.21
3372.0	3249.0	3532.0	4850.0	4230.0	3719.0	1987.0	2.42	3.67	-13.68	-4.53	0.57	-0.49
3453.0	3289.0	3198.0	3161.0	3142.0	3116.0	1993.0	2.93	13.02	-12.17	-4.53	0.46	-1.05
3142.0	3118.0	3155.0	3140.0	3112.0	3149.0	1998.0	7.2	13.72	-14.93	-4.53	-0.1	-1.47
3123.0	3121.0	3154.0	3146.0	3125.0	3126.0	2003.0	3.63	6.07	-21.44	0.05	0.06	-2.77
3341.0	3127.0	3161.0	3149.0	3119.0	3129.0	2008.0	9.87	2.19	-19.27	2.62	-2.03	-1.97
3136.0	3148.0	3164.0	3150.0	3120.0	3134.0	2014.0	-2.82	6.05	-10.58	4.19	-0.18	0.54
3132.0	3120.0	3154.0	3154.0	3117.0	3125.0	2019.0	-8.53	13.25	-10.78	4.19	3.13	-1.24
3127.0	3505.0	3206.0	3183.0	4775.0	3125.0	2024.0	0.04	36.93	-15.8	4.19	4.29	-0.2
3118.0	3113.0	3155.0	3138.0	3111.0	3123.0	2030.0	-6.46	29.81	26.41	4.19	0.97	2.7
3140.0	3138.0	3180.0	3238.0	3255.0	3324.0	2035.0	6.17	13.6	16.52	-0.25	-0.05	1.5
3977.0	3645.0	3477.0	3611.0	3455.0	3486.0	2040.0	-19.31	28.58	-16.17	-4.53	-0.91	-1.48
3475.0	3311.0	3158.0	3257.0	3246.0	3616.0	2045.0	2.76	8.28	-8.69	-1.45	0.06	-0.19
3871.0	3500.0	3165.0	3193.0	3117.0	3135.0	2051.0	1.2	6.66	-7.74	-0.98	0.27	-0.03
3430.0	3562.0	3279.0	3294.0	3184.0	3153.0	2056.0	2.03	4.26	-10.39	-1.72	0.57	-0.12
3128.0	3206.0	3437.0	3666.0	3632.0	3425.0	2061.0	0.59	6.33	-9.55	-4.53	0.37	-0.49
3345.0	3397.0	3684.0	3550.0	3276.0	3137.0	2066.0	1.55	9.75	-7.44	-4.53	0.59	-0.45
3209.0	3140.0	3156.0	3146.0	3119.0	3135.0	2072.0	2.65	15.04	-8.06	-4.53	0.87	-0.2
3153.0	3125.0	3177.0	3151.0	3438.0	3128.0	2077.0	10.08	32.0	-21.09	-4.53	1.02	-1.39
3439.0	3125.0	3158.0	3462.0	3115.0	3419.0	2082.0	8.72	7.43	-15.58	0.42	-2.59	-3.34
3619.0	3285.0	3166.0	3151.0	3397.0	3130.0	2088.0	4.82	5.49	-9.37	4.19	-0.43	-2.78
3132.0	3121.0	3313.0	3154.0	3115.0	3129.0	2093.0	-0.51	6.35	-3.84	4.19	0.23	-1.0
3131.0	3123.0	3158.0	3155.0	3120.0	3128.0	2098.0	-2.04	11.3	-7.97	4.19	2.17	-0.06
3197.0	3120.0	3161.0	3152.0	3116.0	3146.0	2103.0	3.08	19.72	-16.86	4.19	2.86	1.25
3111.0	3119.0	3150.0	3138.0	3110.0	3117.0	2109.0	1.89	23.82	-0.68	4.19	-1.62	3.5
3118.0	3089.0	3148.0	3208.0	3141.0	3150.0	2114.0	1.86	25.48	15.41	3.23	0.91	4.23
3264.0	3141.0	3179.0	3164.0	3167.0	3333.0	2119.0	3.25	18.89	-4.05	-1.3	-0.55	1.05
3356.0	3573.0	4156.0	4168.0	3514.0	3464.0	2125.0	-18.53	8.48	-14.41	-4.53	-0.59	0.0
3498.0	3237.0	3208.0	3186.0	3158.0	4122.0	2130.0	3.75	18.48	-11.31	-3.89	0.29	-0.36
3453.0	3557.0	3581.0	3592.0	3545.0	3649.0	2135.0	0.53	6.66	-7.5	-0.73	-0.06	-0.13
3579.0	3596.0	3484.0	3353.0	3263.0	3262.0	2140.0	1.23	5.78	-7.8	-0.61	0.32	0.03
3292.0	3386.0	3311.0	3310.0	3270.0	3257.0	2146.0	2.21	6.36	-7.07	-0.93	0.46	0.2
3735.0	3390.0	3333.0	3327.0	3300.0	3288.0	2151.0	2.29	6.49	-6.71	-0.59	0.09	-0.25
3327.0	3390.0	3363.0	3334.0	3269.0	3285.0	2156.0	1.87	6.23	-7.08	-0.46	-0.04	-0.44
3286.0	3382.0	3673.0	3633.0	3530.0	3499.0	2161.0	0.82	6.02	-8.36	-1.35	0.06	-0.4
3944.0	3484.0	3508.0	3525.0	3543.0	3718.0	2167.0	1.61	6.05	-8.34	-3.45	0.17	-0.37
3610.0	3616.0	3650.0	3605.0	3665.0	3894.0	2172.0	4.28	8.35	-9.94	-4.53	0.34	-0.68
4030.0	3910.0	3745.0	3588.0	3421.0	3444.0	2177.0	0.25	14.33	-11.83	-4.53	0.89	-1.67
3215.0	3122.0	3160.0	3147.0	3110.0	3134.0	2183.0	6.13	8.04	-8.03	-4.53	0.54	-1.99
3178.0	3127.0	3152.0	3145.0	3121.0	3145.0	2188.0	3.97	6.37	-14.08	2.57	-0.55	-1.52
3146.0	3133.0	3166.0	3160.0	3121.0	3128.0	2193.0	0.79	5.98	-5.28	4.19	0.21	-0.82
3256.0	3122.0	3164.0	3152.0	3116.0	3128.0	2198.0	1.72	6.2	-5.28	4.19	0.28	-0.42
3156.0	3113.0	3145.0	3145.0	3106.0	3123.0	2204.0	0.23	9.97	-9.02	4.19	1.61	0.69
3125.0	3110.0	3144.0	3139.0	3098.0	3116.0	2209.0	8.36	22.88	-17.27	4.19	0.93	3.27
3332.0	3100.0	3133.0	3142.0	3128.0	3132.0	2214.0	4.06	33.05	-0.57	4.19	-2.17	4.14
3131.0	3091.0	3128.0	3131.0	3094.0	3100.0	2220.0	2.62	25.01	16.37	1.88	0.07	2.85
3147.0	3173.0	3225.0	3218.0	3185.0	3465.0	2225.0	-11.8	2.45	-14.41	-4.22	-0.89	0.41
4161.0	3308.0	3142.0	3122.0	3348.0	3696.0	2230.0	7.04	15.61	-11.08	-4.53	1.45	-1.11
3178.0	3167.0	3154.0	3160.0	3124.0	3533.0	2235.0	-1.86	7.66	-8.07	-0.54	-0.67	-0.53
3392.0	3423.0	3449.0	3521.0	3527.0	3598.0	2241.0	2.02	5.24	-7.82	-0.38	0.07	-0.04
3393.0	3336.0	3267.0	3267.0	3257.0	3278.0	2246.0	1.07	6.14	-7.36	-0.4	0.07	-0.12
3350.0	3565.0	3562.0	3546.0	3501.0	3519.0	2251.0	1.54	5.9	-7.5	-0.43	0.13	-0.09
3501.0	3500.0	3518.0	3512.0	3493.0	3537.0	2256.0	0.73	6.1	-7.3	-0.45	0.11	-0.12
3564.0	3503.0	3493.0	3488.0	3491.0	3581.0	2262.0	1.23	6.26	-7.17	-0.45	0.11	-0.15
3549.0	3442.0	3376.0	3327.0	3222.0	3150.0	2267.0	1.02	6.13	-7.5	-0.71	0.15	-0.16
3136.0	3258.0	3341.0	3405.0	3174.0	3135.0	2272.0	0.99	5.95	-7.95	-1.13	0.27	-0.13
3186.0	3158.0	3314.0	3364.0	3159.0	3126.0	2278.0	0.67	5.58	-8.39	-2.63	0.63	-0.03
3141.0	3160.0	3187.0	3247.0	3197.0	3185.0	2283.0	2.2	10.54	-10.3	-4.53	0.75	-0.02
3243.0	3256.0	3259.0	3253.0	3201.0	3225.0	2288.0	4.03	11.6	-7.62	-4.53	0.74	-0.3
3288.0	3177.0	3210.0	3190.0	3137.0	3146.0	2293.0	4.69	7.59	-3.04	-4.53	-0.57	-0.9
3143.0	3111.0	3136.0	3117.0	3101.0	3131.0	2299.0	-0.78	12.46	-11.56	-0.92	-1.98	-1.5
3123.0	3121.0	3167.0	3362.0	3450.0	3304.0	2304.0	0.1	4.04	-4.27	3.31	-1.24	-2.35
3315.0	3176.0	3194.0	3309.0	3379.0	3360.0	2309.0	2.69	4.35	-3.03	4.19	-0.75	-1.67
3444.0	3338.0	3345.0	3328.0	3294.0	3309.0	2314.0	6.18	7.48	-4.52	4.19	-1.24	0.17
3324.0	3322.0	3361.0	3359.0	3339.0	3362.0	2320.0	4.14	15.49	-4.71	4.03	-3.74	3.34
3446.0	3376.0	3407.0	3414.0	3425.0	3479.0	2325.0	3.56	13.3	-2.41	3.2	-3.99	2.95
3593.0	3979.0	3997.0	3905.0	3805.0	3819.0	2330.0	3.64	13.14	-1.93	1.72	-2.54	2.23
3793.0	3782.0	3651.0	3508.0	3451.0	3383.0	2336.0	5.31	11.51	5.24	-0.89	0.82	2.49
3813.0	3271.0	3295.0	3284.0	3290.0	3266.0	2341.0	2.5	4.02	-6.79	0.37	-0.18	0.04
3238.0	3233.0	3272.0	3273.0	3251.0	3212.0	2346.0	0.22	6.04	-8.44	0.14	0.19	0.07
3219.0	3221.0	3250.0	3235.0	3222.0	3283.0	2351.0	1.97	6.7	-7.19	-0.18	0.2	0.17
3799.0	3307.0	3350.0	3433.0	3467.0	3622.0	2357.0	1.4	6.07	-7.39	-0.09	0.01	0.06
3655.0	3580.0	3556.0	3500.0	3499.0	3702.0	2362.0	0.19	5.48	-7.94	-0.25	0.15	0.09
3679.0	3576.0	3526.0	3507.0	3468.0	3603.0	2367.0	1.61	6.22	-7.33	-0.34	0.14	0.07
3968.0	3603.0	3549.0	3520.0	3499.0	3612.0	2373.0	1.82	6.21	-7.35	-0.27	0.01	-0.03
3793.0	3690.0	3631.0	3643.0	3723.0	3771.0	2378.0	1.43	6.12	-7.37	-0.22	-0.16	-0.16
3794.0	3843.0	3786.0	3849.0	3824.0	3844.0	2383.0	1.48	6.34	-7.25	-0.1	-0.28	-0.27
4308.0	3854.0	3864.0	3884.0	3832.0	3929.0	2388.0	0.73	6.26	-7.18	0.02	-0.23	-0.26
3888.0	3872.0	3889.0	3860.0	3805.0	3801.0	2394.0	1.11	6.17	-7.42	-0.01	-0.2	-0.22
3822.0	3795.0	3767.0	3784.0	3736.0	3732.0	2399.0	0.43	5.53	-7.33	-0.13	-0.1	-0.14
3808.0	3617.0	3609.0	3572.0	3539.0	3558.0	2404.0	1.09	6.26	-7.33	-0.27	-0.02	-0.1
3623.0	3578.0	3581.0	3568.0	3541.0	3556.0	2410.0	0.76	6.27	-7.32	-0.13	-0.07	-0.14
3623.0	3580.0	3558.0	3547.0	3533.0	3542.0	2415.0	0.68	6.19	-7.15	-0.08	-0.08	-0.12
3676.0	3548.0	3518.0	3510.0	3472.0	3483.0	2420.0	1.39	5.74	-7.48	-0.17	0.02	-0.1
3615.0	3525.0	3520.0	3507.0	3465.0	3507.0	2425.0	0.41	6.3	-7.27	-0.34	0.07	-0.08
3634.0	3615.0	3626.0	3625.0	3573.0	3583.0	2431.0	1.32	6.36	-7.22	-0.36	0.07	-0.05
3860.0	3573.0	3596.0	3599.0	3553.0	3586.0	2436.0	1.18	6.47	-7.07	-0.23	-0.01	-0.09
3563.0	3554.0	3574.0	3579.0	3527.0	3540.0	2441.0	0.88	6.45	-7.11	-0.25	0.05	-0.04
3553.0	3545.0	3533.0	3541.0	3488.0	3508.0	2446.0	1.75	6.62	-6.95	-0.16	0.05	-0.0
3563.0	3494.0	3513.0	3526.0	3487.0	3532.0	2452.0	2.66	7.5	-6.75	0.41	-0.38	-0.23
3488.0	3489.0	3510.0	3516.0	3488.0	3508.0	2457.0	0.62	6.58	-8.14	0.67	-0.7	-0.61
3492.0	3487.0	3512.0	3515.0	3469.0	3493.0	2462.0	-0.96	5.71	-8.05	0.4	-0.47	-0.68
3528.0	3463.0	3486.0	3483.0	3432.0	3455.0	2468.0	-0.09	3.17	-7.58	-0.31	-0.05	-0.33
3127.0	3144.0	3300.0	3176.0	3123.0	3138.0	2473.0	1.31	5.98	-9.48	-1.14	0.19	-0.26
3147.0	3167.0	3230.0	3249.0	3474.0	3484.0	2478.0	0.28	1.71	-9.06	0.29	-1.22	-2.37
3981.0	3425.0	3263.0	3205.0	3173.0	3216.0	2483.0	1.96	2.7	-7.35	-0.62	0.72	-0.72
3560.0	3524.0	3541.0	3527.0	3477.0	3482.0	2489.0	-2.35	7.03	-10.32	-0.25	1.29	0.16
3472.0	3163.0	3198.0	3185.0	3156.0	3176.0	2494.0	-3.73	6.77	-6.82	-0.02	1.1	-0.28
3246.0	3444.0	3542.0	3566.0	3562.0	3523.0	2499.0	-0.64	8.37	-7.9	-0.11	0.28	-0.57
3252.0	3233.0	3326.0	3311.0	3425.0	3497.0	2504.0	-0.08	5.67	-6.43	-0.11	-0.1	-0.48
3546.0	3531.0	3565.0	3574.0	3569.0	3544.0	2510.0	0.22	5.85	-7.29	-0.19	-0.22	-0.36
3803.0	3547.0	3620.0	3631.0	3616.0	3614.0	2515.0	-0.39	5.58	-6.87	-0.14	-0.16	-0.32
3633.0	3587.0	3614.0	3616.0	3577.0	3588.0	2520.0	-0.73	6.09	-6.93	-0.02	0.44	-0.57
3597.0	3620.0	3658.0	3681.0	3991.0	3829.0	2525.0	-0.94	6.77	-7.28	-0.01	0.56	-0.87
4186.0	3979.0	4001.0	3998.0	3968.0	3988.0	2531.0	-0.56	6.91	-6.23	-0.1	0.79	-1.01
3977.0	3951.0	3969.0	3751.0	3750.0	3737.0	2536.0	-1.18	7.27	-7.03	-0.42	0.65	-1.08
3759.0	3870.0	3996.0	3993.0	3950.0	3978.0	2541.0	-0.57	5.14	-8.12	-0.21	0.51	-1.14
4244.0	4034.0	4040.0	5215.0	3979.0	3970.0	2547.0	-0.87	5.39	-9.01	-0.06	0.39	-0.88
3792.0	3787.0	3818.0	3997.0	3977.0	3768.0	2552.0	-1.48	4.85	-8.67	0.13	0.1	-0.95
3783.0	3763.0	3754.0	3677.0	3602.0	3612.0	2557.0	-2.25	5.09	-7.75	0.4	0.11	-1.22
3953.0	3862.0	3872.0	3882.0	3845.0	3903.0	2563.0	-1.32	5.61	-7.01	0.27	0.56	-1.71
3850.0	3816.0	3828.0	3817.0	3780.0	3799.0	2568.0	0.68	6.94	-4.2	0.27	0.96	-1.91
3790.0	3800.0	3811.0	3816.0	3820.0	3850.0	2573.0	1.36	8.92	-1.02	-0.62	0.98	-1.98
3863.0	3840.0	3852.0	3790.0	3726.0	3764.0	2578.0	8.16	0.15	-8.4	-0.29	0.77	0.15
3752.0	3800.0	3795.0	3716.0	3655.0	3679.0	2584.0	-1.31	6.84	-8.07	-0.33	0.4	0.25
3627.0	3604.0	3639.0	3645.0	3605.0	3629.0	2589.0	0.06	5.93	-7.85	-0.13	0.34	0.23
3977.0	3602.0	3635.0	3643.0	3609.0	3645.0	2594.0	0.41	5.46	-7.75	-0.33	0.31	0.25
3615.0	3606.0	3631.0	3637.0	3601.0	3626.0	2599.0	0.48	6.13	-7.62	-0.55	0.54	0.39
3611.0	3609.0	3632.0	3631.0	3599.0	3619.0	2605.0	2.14	6.29	-7.37	-0.5	0.47	0.33
3702.0	3624.0	3653.0	3660.0	3633.0	3650.0	2610.0	1.94	6.26	-7.17	-0.35	0.15	0.06
3642.0	3646.0	3671.0	3684.0	3635.0	3647.0	2615.0	1.36	6.23	-7.18	-0.28	0.04	-0.09
3644.0	3641.0	3672.0	3668.0	3627.0	3650.0	2620.0	1.85	6.2	-7.12	-0.32	0.05	-0.06
3976.0	3627.0	3642.0	3621.0	3584.0	3411.0	2626.0	1.72	6.17	-7.21	-0.47	-0.03	-0.14
3352.0	3720.0	3282.0	3285.0	3220.0	3198.0	2631.0	1.18	6.23	-7.33	-0.7	0.04	-0.1
3349.0	3494.0	3261.0	3540.0	3487.0	3443.0	2636.0	1.78	6.42	-7.67	-1.54	0.23	-0.02
3371.0	3297.0	3295.0	3435.0	3296.0	3559.0	2642.0	1.2	6.7	-7.58	-2.93	0.45	0.04
3673.0	3748.0	3858.0	4014.0	4156.0	4104.0	2647.0	1.09	7.92	-8.45	-4.09	0.72	0.12
3849.0	3517.0	3406.0	3425.0	3248.0	3180.0	2652.0	2.1	13.09	-11.48	-4.53	2.13	0.46
3215.0	3139.0	3181.0	3162.0	3128.0	3147.0	2658.0	5.06	12.29	-15.29	-4.53	4.29	0.56
3162.0	3128.0	3611.0	3150.0	3106.0	3131.0	2663.0	3.95	3.81	-16.57	2.35	2.7	-2.91
3138.0	3142.0	3172.0	3158.0	3121.0	3147.0	2668.0	-1.61	1.86	-8.0	4.19	1.94	-1.69
3496.0	3276.0	3325.0	3484.0	3129.0	3142.0	2673.0	-6.79	8.52	-10.06	4.19	2.56	-0.12
3150.0	3169.0	3171.0	3170.0	3124.0	3145.0	2679.0	-9.43	10.68	-11.84	4.19	2.75	-0.07
3164.0	3155.0	3159.0	3146.0	3104.0	3107.0	2684.0	-11.99	27.83	-13.23	4.19	3.37	-0.21
3365.0	3118.0	3150.0	3142.0	3176.0	3390.0	2689.0	-3.41	23.37	14.57	4.19	3.05	-1.87
3374.0	3120.0	3153.0	3155.0	3107.0	3136.0	2695.0	7.36	22.76	12.71	0.47	0.08	-1.78
3129.0	3115.0	3148.0	3355.0	3461.0	5165.0	2700.0	-16.24	15.21	-10.44	-3.93	-2.53	-1.21
4291.0	3707.0	3570.0	3213.0	3186.0	4214.0	2705.0	1.89	12.91	-10.35	-2.63	-0.3	-0.63
3343.0	3200.0	3169.0	3167.0	3157.0	3677.0	2710.0	-0.55	6.53	-7.78	-0.48	-0.12	-0.19
3360.0	3219.0	3168.0	3168.0	3142.0	3152.0	2716.0	0.61	5.98	-7.61	-0.22	0.01	-0.1
3442.0	3203.0	3165.0	3161.0	3141.0	3189.0	2721.0	0.61	5.96	-7.38	-0.2	0.05	-0.04
3296.0	3203.0	3159.0	3162.0	3149.0	3161.0	2726.0	2.02	6.1	-7.43	-0.24	0.01	-0.05
3281.0	3181.0	3166.0	3172.0	3145.0	3172.0	2731.0	0.39	5.77	-7.47	-0.11	-0.07	-0.19
3737.0	3205.0	3272.0	3227.0	3185.0	3225.0	2737.0	0.43	5.51	-7.73	-0.28	0.0	-0.13
3428.0	3465.0	3243.0	3211.0	3136.0	3165.0	2742.0	1.12	6.01	-7.82	-0.94	0.28	0.01
3167.0	3284.0	3162.0	3183.0	3092.0	3097.0	2747.0	0.89	5.53	-8.81	-2.0	0.59	-0.13
3427.0	3183.0	3234.0	3307.0	3160.0	3116.0	2753.0	1.47	6.06	-9.26	-3.48	0.57	-0.02
3327.0	3589.0	3501.0	3723.0	3590.0	3497.0	2758.0	2.33	9.98	-10.7	-4.53	0.67	-0.63
3452.0	3205.0	3208.0	3255.0	3199.0	3140.0	2763.0	3.66	12.85	-12.86	-4.53	2.24	-0.58
3664.0	3122.0	3168.0	3159.0	3116.0	3140.0	2768.0	0.55	14.79	-12.73	-4.53	2.03	-1.74
3147.0	3124.0	3153.0	3150.0	3112.0	3132.0	2774.0	2.86	2.36	-7.05	4.19	1.42	-1.61
3132.0	3133.0	3159.0	3131.0	3104.0	3131.0	2779.0	0.81	1.37	-3.26	4.19	1.39	-0.83
3287.0	3132.0	3167.0	3175.0	3143.0	3135.0	2784.0	-2.86	6.08	-7.44	4.19	1.57	-0.03
3155.0	3117.0	3150.0	3168.0	3126.0	3164.0	2790.0	6.55	12.63	-15.54	4.19	1.49	2.82
3180.0	3218.0	3268.0	3275.0	3401.0	3234.0	2795.0	4.14	28.24	-9.35	4.15	-2.38	4.27
3291.0	3100.0	3219.0	3139.0	3114.0	3132.0	2800.0	0.9	19.78	9.0	3.26	-1.81	4.27
3133.0	3131.0	3160.0	3173.0	3174.0	3187.0	2805.0	-3.74	12.79	17.14	-1.14	0.38	1.94
3189.0	3471.0	3222.0	3193.0	3359.0	3655.0	2811.0	-5.53	3.92	-6.05	-3.59	0.63	-2.0
3435.0	3262.0	3154.0	3121.0	3088.0	3265.0	2816.0	2.28	7.53	-7.54	-0.2	-0.51	-1.01
3270.0	3254.0	3806.0	3546.0	3534.0	3518.0	2821.0	0.76	5.75	-7.84	-0.04	-0.13	-0.52
3477.0	3526.0	3486.0	3376.0	3353.0	3373.0	2826.0	1.06	6.11	-7.58	-0.15	-0.08	-0.18
3607.0	3508.0	3419.0	3407.0	3348.0	3400.0	2832.0	0.62	5.5	-7.61	-0.07	-0.17	-0.21
3418.0	3298.0	3212.0	3107.0	3110.0	3127.0	2837.0	0.86	5.72	-7.57	-0.3	0.05	-0.15
3151.0	3236.0	3219.0	3127.0	3102.0	3111.0	2842.0	0.67	5.66	-7.74	-0.58	0.5	0.01
3220.0	3219.0	3238.0	3172.0	3107.0	3133.0	2848.0	2.02	5.82	-7.81	-1.02	0.45	-0.31
3092.0	3140.0	3486.0	3253.0	3141.0	3104.0	2853.0	1.49	5.1	-9.74	-1.84	0.26	-0.51
3115.0	3145.0	3862.0	3284.0	3160.0	3124.0	2858.0	3.47	4.98	-9.52	-4.53	0.19	-0.99
4539.0	3199.0	3479.0	3309.0	3439.0	3428.0	2863.0	9.09	11.88	-10.12	-4.53	-0.61	-2.43
3498.0	3340.0	3196.0	3127.0	3105.0	3125.0	2869.0	11.32	18.98	-8.66	-4.53	-4.06	-4.46
3125.0	3134.0	3171.0	3147.0	3112.0	3125.0	2874.0	12.03	15.66	-12.91	-0.27	-4.44	-2.0
3450.0	3129.0	3182.0	3153.0	3122.0	3135.0	2879.0	3.82	7.07	-10.21	3.17	-4.44	-0.72
3153.0	3124.0	3178.0	3148.0	3116.0	3117.0	2885.0	7.26	8.96	-11.32	4.19	-1.14	-0.85
3123.0	3120.0	3153.0	3147.0	3120.0	3130.0	2890.0	6.2	12.72	-9.37	4.19	1.42	0.72
3680.0	3130.0	3166.0	3156.0	3125.0	3130.0	2895.0	3.39	12.23	-9.77	4.19	2.81	1.67
3332.0	3207.0	3158.0	3144.0	3095.0	3311.0	2900.0	-1.76	31.2	-9.62	4.16	4.29	3.65
3117.0	3125.0	3208.0	3164.0	3123.0	3133.0	2906.0	-7.68	33.49	18.96	3.43	0.98	4.27
3761.0	3177.0	3540.0	3175.0	4715.0	3152.0	2911.0	1.08	23.65	11.19	-1.06	-1.53	-0.9
3124.0	3108.0	3239.0	3521.0	3627.0	3908.0	2916.0	-15.95	2.4	-7.73	-4.53	-1.37	-1.65
3223.0	3136.0	3159.0	3491.0	3299.0	3623.0	2921.0	3.21	9.86	-8.01	-1.92	-0.58	-0.59
4176.0	3426.0	3413.0	3460.0	3563.0	3774.0	2927.0	-1.17	6.33	-8.47	-0.37	0.0	-0.19
3549.0	3380.0	3393.0	3401.0	3358.0	3382.0	2932.0	2.14	3.32	-11.6	-2.48	0.98	0.27
3390.0	3405.0	3492.0	3855.0	3872.0	3617.0	2937.0	6.18	3.67	-14.2	-4.53	0.76	-0.55
5256.0	4999.0	3147.0	3145.0	3098.0	3112.0	2943.0	4.56	16.43	-13.61	-4.53	0.41	-2.46
3119.0	3185.0	3176.0	3155.0	3112.0	3133.0	2948.0	3.07	17.33	-26.89	-4.08	-2.5	-2.24
3133.0	3138.0	3166.0	3152.0	3105.0	3139.0	2953.0	3.58	3.39	-20.44	0.06	0.5	-1.1
3621.0	3127.0	3184.0	3188.0	3167.0	3210.0	2958.0	1.83	0.9	-15.94	3.65	-2.45	-0.02
3170.0	3139.0	3164.0	3162.0	3111.0	6477.0	2964.0	-4.31	10.28	-13.7	4.19	1.88	1.15
9401.0	6485.0	6520.0	6504.0	9177.0	10778.0	2969.0	-8.22	12.36	-9.36	4.19	2.95	-0.43
3660.0	3121.0	9257.0	11286.0	11429.0	11011.0	2974.0	-6.69	38.34	-11.1	4.19	3.5	1.5
11428.0	9983.0	5444.0	3187.0	3137.0	3123.0	2980.0	-5.09	28.88	16.72	4.19	2.2	0.73
3326.0	3297.0	3222.0	3270.0	3236.0	3167.0	2985.0	0.71	22.62	7.98	0.85	0.7	-0.7
3819.0	3395.0	3831.0	4366.0	7205.0	10813.0	2990.0	-19.72	25.82	-21.34	-4.53	-4.22	-2.91
6494.0	6424.0	9874.0	10548.0	8239.0	5359.0	2995.0	4.22	41.96	-18.04	-4.53	-0.86	-1.33
3570.0	3434.0	3869.0	3333.0	3319.0	3342.0	3001.0	-0.8	7.38	-7.7	-0.67	-0.08	-0.14
4861.0	4082.0	3236.0	3322.0	3265.0	3170.0	3006.0	1.11	4.2	-10.91	-1.96	0.73	0.11
3309.0	3256.0	3354.0	3542.0	3429.0	4197.0	3011.0	1.98	2.58	-13.78	-4.53	0.89	-0.02
3362.0	3181.0	3146.0	3146.0	3149.0	3126.0	3016.0	6.68	14.86	-11.04	-4.53	1.5	-0.7
4529.0	3210.0	5417.0	3337.0	3301.0	3285.0	3022.0	4.15	19.75	-19.36	-4.53	-0.12	-2.37
3122.0	3129.0	3160.0	3163.0	3136.0	3144.0	3027.0	4.06	3.76	-16.31	-2.03	0.19	-3.14
3151.0	3129.0	3171.0	3146.0	3116.0	3131.0	3032.0	10.17	3.63	-19.14	1.3	-2.31	-1.03
3151.0	3149.0	3181.0	3169.0	3127.0	3144.0	3037.0	-4.17	0.37	-9.67	4.19	-1.21	0.67
3149.0	3138.0	3181.0	3151.0	3123.0	3135.0	3043.0	-7.49	14.41	-12.98	4.19	2.82	-0.41
3141.0	3127.0	3167.0	3904.0	3151.0	3163.0	3048.0	-14.13	24.85	-12.14	4.19	4.29	0.37
3151.0	3167.0	3188.0	3165.0	3190.0	3153.0	3053.0	-14.7	41.35	-11.13	4.19	4.2	1.09
3157.0	3165.0	3211.0	3246.0	3299.0	3357.0	3059.0	-7.71	20.62	17.46	4.19	0.58	0.82
3486.0	3405.0	3440.0	3440.0	3252.0	3254.0	3064.0	10.65	5.06	13.83	-0.43	-0.43	0.1
3440.0	4200.0	4938.0	6524.0	6065.0	7972.0	3069.0	-15.95	25.4	-15.26	-4.53	-3.49	-2.64
3541.0	3254.0	3155.0	3136.0	3084.0	4253.0	3074.0	-2.0
0.11	13.95	-8.47	-2.67	-1.41	-1.4
3865.0	3489.0	3161.0	3140.0	3137.0	3540.0	3080.0	0.79	6.26	-7.77	-0.37	-0.32	-0.31
3736.0	3311.0	3369.0	3396.0	3396.0	3451.0	3132.0	-2.77	2.3	-7.87	1.56	3.34	-4.46
3364.0	3423.0	3446.0	3410.0	3374.0	3439.0	3137.0	-4.59	7.42	-9.35	1.35	1.73	-4.21
3494.0	3590.0	3874.0	3862.0	3728.0	3640.0	3142.0	0.12	3.97	-8.0	0.26	0.18	-4.46
3794.0	3569.0	3568.0	3538.0	3514.0	3660.0	3148.0	0.47	8.6	-7.96	0.95	0.66	-3.1
3526.0	3538.0	3565.0	3542.0	3506.0	3512.0	3153.0	-1.0	8.74	-2.88	-0.23	-0.07	-2.76
3508.0	3505.0	3526.0	3517.0	3475.0	3487.0	3158.0	2.5	8.42	1.06	-0.47	0.43	-2.44
3691.0	3212.0	3163.0	3152.0	3108.0	3528.0	3163.0	18.78	1.62	-14.62	-1.16	2.74	0.0
3133.0	3345.0	3517.0	3258.0	3140.0	3939.0	3169.0	-6.42	1.92	-6.23	-1.87	1.02	0.32
3390.0	3464.0	3123.0	3125.0	3090.0	3883.0	3174.0	1.82	6.98	-8.61	-0.7	0.39	0.22
3471.0	3123.0	3153.0	3125.0	3271.0	3621.0	3179.0	0.5	6.04	-7.55	-0.31	0.23	0.09
3466.0	3457.0	3342.0	3131.0	3353.0	3473.0	3184.0	1.91	6.27	-7.67	-0.57	0.66	0.4
3467.0	3452.0	3480.0	3476.0	3449.0	3465.0	3190.0	2.42	5.83	-7.45	-0.57	0.53	0.28
3646.0	3447.0	3466.0	3470.0	3423.0	3452.0	3195.0	2.63	6.46	-6.81	-0.38	0.0	-0.13
3597.0	3474.0	3457.0	3453.0	3415.0	3436.0	3200.0	1.03	6.31	-7.1	-0.2	-0.02	-0.18
3415.0	3334.0	3124.0	3297.0	3407.0	3422.0	3205.0	1.6	6.03	-7.27	-0.23	0.07	-0.09
4741.0	3509.0	3457.0	3459.0	3415.0	3438.0	3211.0	1.73	6.07	-7.45	-0.69	0.1	-0.16
3585.0	3470.0	3469.0	3489.0	3429.0	3431.0	3216.0	1.44	5.96	-7.83	-1.55	0.39	-0.21
3414.0	3417.0	3440.0	3472.0	3413.0	3433.0	3221.0	1.91	6.23	-8.37	-2.64	0.43	-0.22
3645.0	3589.0	3790.0	3864.0	3830.0	3502.0	3227.0	1.87	7.08	-8.35	-4.53	0.42	-0.31
4006.0	3838.0	3540.0	3401.0	3264.0	3202.0	3232.0	2.16	12.54	-9.98	-4.53	1.29	-0.48
3186.0	3502.0	3427.0	3397.0	3144.0	3177.0	3237.0	2.64	17.9	-13.53	-4.53	1.37	-0.86
3541.0	4050.0	3160.0	3147.0	3097.0	3117.0	3242.0	3.79	18.01	-22.01	-0.94	-0.12	-1.83
3131.0	3284.0	3165.0	3162.0	3139.0	3153.0	3248.0	1.73	6.6	-9.17	4.19	-0.34	-1.82
3152.0	3134.0	3236.0	3173.0	3128.0	3253.0	3253.0	1.99	5.02	-4.05	4.19	-0.44	-1.77
3648.0	3445.0	3474.0	3447.0	3208.0	3584.0	3258.0	-0.29	6.3	-6.23	4.19	0.63	-0.22
3568.0	3406.0	3182.0	3139.0	3106.0	3124.0	3263.0	2.13	11.72	-13.09	4.19	1.57	1.09
3130.0	3127.0	3172.0	3160.0	3125.0	3136.0	3269.0	5.07	31.54	-8.1	4.19	-0.84	3.69
6065.0	3615.0	3168.0	3154.0	3115.0	3130.0	3274.0	1.54	23.75	16.39	3.82	-1.4	1.44
3204.0	3448.0	3321.0	3158.0	3116.0	3135.0	3279.0	1.0	17.75	10.25	0.93	0.34	0.47
3167.0	3175.0	3181.0	3332.0	3743.0	4040.0	3285.0	-11.47	10.99	-11.29	-4.21	0.25	0.36
3323.0	3139.0	3222.0	3143.0	3092.0	4002.0	3290.0	4.59	13.77	-9.83	-2.38	0.69	0.03
3245.0	3208.0	3447.0	3111.0	3090.0	7632.0	3295.0	0.75	7.61	-8.38	-0.93	-0.22	-0.25
8951.0	4271.0	3148.0	3160.0	3137.0	3527.0	3300.0	1.8	5.2	-7.63	-0.46	-0.23	-0.25
3518.0	3181.0	3173.0	3162.0	3149.0	3309.0	3306.0	-0.06	6.18	-7.6	-0.46	-0.3	-0.33
3432.0	3217.0	3218.0	3201.0	3178.0	3240.0	3311.0	1.41	4.99	-7.36	-0.3	0.11	-0.04
3323.0	3261.0	3187.0	3175.0	3134.0	3138.0	3316.0	1.59	5.86	-7.79	-0.54	0.09	-0.21
3881.0	3342.0	3194.0	3633.0	4902.0	3122.0	3322.0	0.72	5.83	-7.91	-0.83	0.29	-0.16
3110.0	3307.0	3290.0	3379.0	3295.0	3122.0	3327.0	2.07	5.49	-9.25	-2.15	0.62	-0.16
3110.0	3155.0	3338.0	3459.0	3172.0	3144.0	3332.0	2.82	6.3	-9.06	-4.53	0.29	-0.54
3867.0	3594.0	3941.0	3813.0	4099.0	4014.0	3337.0	4.53	11.83	-13.11	-4.53	0.16	-1.58
4254.0	4247.0	3960.0	3864.0	3317.0	3176.0	3343.0	7.91	20.62	-15.72	-4.53	-0.39	-2.9
3129.0	3122.0	3150.0	3151.0	3117.0	3129.0	3348.0	4.93	13.96	-21.11	-0.86	-1.31	-1.28
3289.0	3143.0	3170.0	3142.0	3110.0	3138.0	3353.0	-0.47	3.07	-8.65	4.19	-1.24	-0.25
3138.0	3131.0	3166.0	3155.0	3117.0	3133.0	3358.0	-1.35	5.2	-5.68	4.19	0.53	-0.52
3152.0	3140.0	3176.0	3167.0	3133.0	3134.0	3364.0	-2.21	8.15	-6.24	4.19	1.0	-0.61
3294.0	3128.0	3165.0	3159.0	3122.0	3291.0	3369.0	1.47	15.6	-13.64	4.19	2.8	1.12
3137.0	3123.0	3154.0	3149.0	3112.0	3123.0	3374.0	3.92	30.58	-6.06	4.19	-0.29	4.06
3131.0	3102.0	3158.0	3155.0	3119.0	3130.0	3379.0	2.83	25.32	12.31	4.19	0.31	3.88
3131.0	3140.0	3689.0	3314.0	3213.0	4121.0	3385.0	3.86	16.21	18.1	-2.01	-1.48	0.28
4548.0	3158.0	3160.0	3296.0	3109.0	3933.0	3390.0	-0.18	21.96	-13.27	-4.53	-0.02	-1.21
3359.0	3116.0	3139.0	3124.0	3099.0	3448.0	3395.0	-0.68	11.77	-8.66	-1.7	-0.23	-0.2
3667.0	3289.0	3134.0	3134.0	3480.0	3710.0	3401.0	1.17	6.27	-7.31	-0.53	0.32	0.13
3259.0	3236.0	3133.0	3295.0	3117.0	3289.0	3406.0	1.65	6.15	-7.33	-0.53	0.25	0.05
3320.0	3280.0	3166.0	3153.0	3285.0	3117.0	3411.0	1.93	6.22	-7.28	-0.62	0.26	0.07
3780.0	3287.0	3245.0	3936.0	3133.0	3113.0	3417.0	1.96	6.34	-7.01	-0.55	0.12	-0.12
3269.0	3285.0	3327.0	3213.0	3142.0	3105.0	3422.0	2.29	6.58	-6.89	-0.59	-0.01	-0.28
3101.0	3208.0	3243.0	3307.0	3163.0	3108.0	3427.0	0.54	6.51	-7.26	-0.92	0.05	-0.37
3683.0	5283.0	4837.0	3444.0	3151.0	3093.0	3432.0	1.37	6.03	-7.94	-2.17	0.24	-0.13
3088.0	3131.0	3432.0	3579.0	3161.0	3115.0	3438.0	1.6	6.21	-8.34	-3.53	0.33	-0.07
3121.0	3862.0	7752.0	3280.0	3410.0	3143.0	3443.0	1.33	11.25	-11.62	-4.53	1.01	-0.47
3600.0	3174.0	3172.0	3148.0	3131.0	3139.0	3448.0	3.32	19.86	-13.89	-4.53	2.01	-0.76
3312.0	3148.0	3166.0	3151.0	3117.0	3124.0	3453.0	2.31	32.92	-23.49	-4.53	1.17	-1.97
3133.0	3130.0	3178.0	3155.0	3127.0	3138.0	3459.0	1.69	2.93	-7.0	4.19	0.38	-2.24
3367.0	3127.0	3181.0	3161.0	3133.0	3158.0	3464.0	-0.79	4.69	-5.12	4.19	0.44	-0.29
3315.0	3144.0	3170.0	3110.0	3115.0	3132.0	3469.0	-4.11	8.85	-5.95	4.19	1.17	-0.37
3136.0	3131.0	3168.0	3166.0	3131.0	3148.0	3475.0	5.8	16.25	-16.03	4.19	2.77	1.37
3436.0	3117.0	3151.0	3144.0	3104.0	3119.0	3480.0	8.03	31.28	-8.82	4.19	-1.22	4.27
3179.0	3108.0	3161.0	3157.0	3122.0	3126.0	3485.0	-0.31	21.77	19.07	3.88	-0.34	3.22
3130.0	3118.0	3159.0	3158.0	3116.0	3179.0	3490.0	-0.23	8.52	-7.0	-2.95	-1.2	1.16
3687.0	6634.0	3881.0	3130.0	3098.0	3821.0	3496.0	-7.94	20.34	-12.2	-4.53	1.26	-0.08
3222.0	3172.0	3177.0	3217.0	3200.0	3691.0	3501.0	4.42	9.1	-8.68	-1.24	-0.02	-0.25
3477.0	3448.0	3483.0	3525.0	3525.0	3608.0	3506.0	7.4	4.27	-7.35	-0.63	0.16	-0.06
3682.0	3460.0	3351.0	3347.0	3314.0	3532.0	3512.0	0.49	6.68	-7.47	-0.54	-0.47	-0.51
3452.0	3357.0	3280.0	3256.0	3203.0	3192.0	3517.0	0.53	5.91	-7.86	-0.48	0.12	-0.11
3237.0	3372.0	3200.0	3201.0	3177.0	3145.0	3522.0	2.38	6.52	-6.72	-0.49	0.15	-0.08
3314.0	3353.0	3190.0	3207.0	3191.0	3140.0	3527.0	1.55	6.28	-7.01	-0.33	0.05	-0.24
3312.0	3369.0	3211.0	3264.0	3209.0	3132.0	3533.0	1.46	6.0	-7.58	-0.65	0.2	-0.1
3127.0	3316.0	3249.0	3330.0	3276.0	3119.0	3538.0	2.36	6.06	-7.66	-1.22	0.34	-0.13
3106.0	3162.0	3389.0	3434.0	3246.0	3126.0	3543.0	2.7	6.04	-7.88	-2.59	0.24	-0.39
3113.0	3145.0	3439.0	3345.0	3204.0	3183.0	3548.0	5.01	8.36	-9.96	-4.53	0.21	-0.78
3293.0	3362.0	3284.0	3261.0	3226.0	3459.0	3554.0	2.1	12.5	-10.48	-4.53	0.11	-1.91
3483.0	3422.0	3171.0	3192.0	3593.0	3287.0	3559.0	9.04	10.13	-12.24	-4.53	-1.39	-3.0
3128.0	3125.0	3160.0	3140.0	3121.0	3131.0	3564.0	5.62	8.63	-16.33	2.08	-1.33	-1.55
3132.0	3127.0	3166.0	3154.0	3123.0	3126.0	3570.0	4.82	6.23	-8.35	4.19	-1.46	-1.47
3262.0	3120.0	3160.0	3157.0	3126.0	3453.0	3575.0	7.89	14.54	-8.86	4.19	-0.44	-0.26
3147.0	3134.0	3182.0	3161.0	3122.0	3136.0	3580.0	6.33	14.73	-7.82	4.19	0.87	1.58
3139.0	3132.0	3169.0	3151.0	3115.0	3124.0	3585.0	7.74	17.83	-9.31	4.19	0.75	3.18
3674.0	3205.0	5543.0	3156.0	3129.0	3150.0	3591.0	0.73	21.2	-1.25	4.19	-0.3	4.27
3152.0	3153.0	3267.0	3171.0	3136.0	3146.0	3596.0	2.19	17.65	1.02	2.18	0.46	3.24
3150.0	3147.0	3195.0	3169.0	3140.0	3143.0	3601.0	-0.68	13.5	2.76	0.15	-1.2	1.07
3679.0	3159.0	3345.0	3165.0	3134.0	3886.0	3607.0	2.88	12.13	1.29	-1.07	1.73	0.09
3230.0	3293.0	3187.0	3163.0	3147.0	3144.0	3612.0	0.22	7.99	0.6	-1.38	0.93	-1.06
3149.0	3142.0	3238.0	3314.0	3416.0	3229.0	3617.0	4.67	-4.36	-8.88	-2.57	-2.27	-2.65
3580.0	3121.0	3136.0	3132.0	3101.0	3726.0	3622.0	4.58	6.88	-8.48	-2.04	-0.22	-0.42
3271.0	3147.0	3135.0	3130.0	3112.0	3784.0	3628.0	2.59	11.54	-8.84	-1.22	-0.3	-0.3
3227.0	3172.0	3128.0	3127.0	3115.0	3915.0	3633.0	0.51	6.15	-7.68	-0.13	-0.13	-0.14
3911.0	3153.0	3159.0	4475.0	4947.0	3793.0	3638.0	1.05	4.85	-7.38	-0.28	0.12	0.04
3310.0	3184.0	3135.0	3141.0	3121.0	3313.0	3643.0	1.5	6.48	-7.22	-0.58	-0.08	-0.13
3273.0	3168.0	3144.0	3145.0	3132.0	3171.0	3649.0	0.82	6.71	-7.15	-0.36	0.01	-0.04
3226.0	3182.0	3152.0	3137.0	3118.0	3136.0	3654.0	1.47	6.49	-7.02	-0.19	0.01	-0.06
3199.0	3184.0	3149.0	3147.0	3117.0	3134.0	3659.0	1.15	6.41	-6.97	0.04	-0.14	-0.22
3204.0	3160.0	3210.0	3208.0	3170.0	3156.0	3664.0	0.72	6.46	-7.07	0.1	-0.19	-0.33
3260.0	3170.0	3185.0	3155.0	3124.0	3136.0	3670.0	0.81	6.15	-7.3	0.27	-0.17	-0.46
3233.0	3161.0	3153.0	3168.0	3127.0	3147.0	3675.0	0.36	5.62	-7.47	-0.09	0.04	-0.14
3265.0	3247.0	3234.0	3284.0	3299.0	3306.0	3680.0	-0.14	4.93	-7.86	-0.38	0.5	0.13
4056.0	3929.0	3397.0	3311.0	3302.0	3271.0	3686.0	1.43	4.83	-9.3	-1.73	0.92	0.04
3251.0	3409.0	3291.0	3559.0	3337.0	3197.0	3691.0	-1.62	6.8	-10.21	-4.0
