3302.0	3336.0	3337.0	3382.0	3316.0	3312.0	663.0	2.37	7.57	-7.91	-2.44	0.14	0.19
3311.0	3452.0	3446.0	3563.0	3606.0	3421.0	669.0	3.46	8.95	-8.17	-3.37	0.28	0.1
5092.0	6511.0	6510.0	6485.0	6478.0	6469.0	674.0	3.99	10.26	-5.67	-4.35	0.01	-0.55
6473.0	6222.0	6507.0	6498.0	6467.0	5805.0	679.0	2.29	8.39	-2.01	-4.09	0.08	-0.6
4577.0	6498.0	6517.0	6500.0	6477.0	6479.0	684.0	4.68	12.24	-12.42	-0.74	-0.21	-0.75
6442.0	4285.0	4870.0	6499.0	6473.0	6474.0	690.0	0.59	2.78	-3.65	2.98	-1.09	-1.14
6487.0	6498.0	6512.0	6522.0	5461.0	4486.0	695.0	1.06	5.88	-5.21	3.48	-0.31	-0.41
6492.0	6276.0	5826.0	4662.0	6467.0	6474.0	700.0	0.36	10.02	-4.98	4.38	0.12	0.07
3538.0	3544.0	3566.0	3569.0	3527.0	3549.0	705.0	1.84	12.53	-4.49	4.0	-0.56	1.06
3772.0	3529.0	3559.0	3541.0	3518.0	3529.0	711.0	-0.25	14.63	-5.93	3.48	-0.9	1.86
3524.0	3520.0	3556.0	3538.0	3508.0	3528.0	716.0	-1.63	11.6	-5.19	3.1	-0.93	1.59
3506.0	3522.0	3555.0	3544.0	3523.0	3604.0	721.0	-0.92	10.12	-5.14	2.44	-1.0	1.16
3775.0	3545.0	3571.0	3557.0	3514.0	3543.0	726.0	-0.05	8.5	-4.35	1.56	-0.57	0.78
3523.0	3530.0	3563.0	3562.0	3527.0	3532.0	732.0	-0.15	7.69	-2.94	0.66	-0.32	0.55
3520.0	3527.0	3564.0	3539.0	3508.0	3526.0	737.0	-0.21	7.64	-2.84	-0.12	-0.09	0.24
3764.0	3649.0	4629.0	4195.0	4245.0	4264.0	742.0	3.04	0.15	-7.61	-0.74	0.45	-0.13
4173.0	3772.0	3837.0	3816.0	3792.0	3850.0	747.0	1.6	5.1	-9.12	-1.24	0.23	0.48
4096.0	5861.0	6522.0	6500.0	6474.0	6602.0	752.0	0.98	7.06	-8.76	-1.16	0.15	0.44
6474.0	6483.0	6505.0	6481.0	6462.0	6705.0	758.0	2.22	5.58	-8.21	-0.55	0.1	0.54
6476.0	6467.0	6484.0	6476.0	6443.0	6902.0	763.0	2.25	5.89	-7.86	-0.47	0.1	0.55
6496.0	6446.0	6459.0	6449.0	6421.0	7084.0	768.0	2.06	6.39	-8.07	-0.23	-0.29	0.37
6532.0	6438.0	6441.0	6435.0	6407.0	7172.0	774.0	1.7	6.15	-7.9	0.07	-0.21	0.44
6534.0	6452.0	6440.0	6429.0	6402.0	7124.0	779.0	2.09	5.53	-7.7	0.17	-0.17	0.48
6522.0	6459.0	6443.0	6434.0	4152.0	6474.0	784.0	1.99	5.03	-7.55	0.14	-0.29	0.34
4697.0	3856.0	3722.0	4142.0	4279.0	4228.0	789.0	1.86	5.4	-7.61	0.07	-0.29	0.31
3698.0	3932.0	4053.0	4183.0	3770.0	4512.0	794.0	2.3	5.29	-7.63	0.13	-0.31	0.28
3914.0	3595.0	3524.0	3553.0	3608.0	4190.0	800.0	1.78	5.15	-7.69	0.12	-0.34	0.25
3694.0	3452.0	3389.0	3371.0	3354.0	4034.0	805.0	2.17	4.96	-7.6	0.08	-0.34	0.23
3500.0	3369.0	3361.0	3332.0	3305.0	3919.0	810.0	1.57	4.45	-7.43	-0.27	-0.41	0.2
3460.0	3341.0	3307.0	3266.0	3238.0	3633.0	815.0	2.13	6.73	-7.7	-0.78	-0.57	0.06
3637.0	3393.0	3274.0	3224.0	3177.0	3276.0	821.0	0.96	5.82	-7.82	-0.49	-0.17	0.3
3411.0	3437.0	3227.0	3220.0	3259.0	3208.0	826.0	2.44	6.01	-7.79	-1.03	0.16	0.39
3284.0	3607.0	3407.0	3410.0	3589.0	3357.0	831.0	1.86	5.66	-8.49	-1.94	0.3	0.21
3497.0	3399.0	3351.0	3486.0	3437.0	3331.0	836.0	3.87	7.15	-10.63	-4.35	0.4	-0.1
3190.0	3363.0	3354.0	3236.0	3533.0	5818.0	842.0	5.9	12.16	-9.95	-4.35	0.2	-1.0
6478.0	6504.0	6512.0	6505.0	6466.0	6483.0	847.0	3.24	9.14	-6.11	-4.35	-0.95	-1.54
6485.0	6489.0	6514.0	6480.0	6477.0	6502.0	852.0	2.99	6.66	-10.85	1.0	-0.46	-1.25
6485.0	6494.0	6514.0	6512.0	6465.0	6493.0	857.0	2.84	1.79	-4.08	3.24	-0.56	-1.0
6493.0	6503.0	6515.0	6494.0	6468.0	6492.0	862.0	0.43	6.41	-5.29	4.15	-0.02	0.31
6488.0	6496.0	6515.0	6504.0	6477.0	6468.0	868.0	-0.57	8.59	-5.46	4.38	0.8	0.51
6489.0	6492.0	6515.0	6476.0	6460.0	6474.0	873.0	0.97	12.02	-8.2	4.15	0.82	0.89
6484.0	6491.0	6516.0	6490.0	6453.0	6474.0	878.0	-0.53	17.22	-9.49	4.38	-0.2	2.03
6485.0	6492.0	6519.0	6509.0	6468.0	6491.0	884.0	-1.53	16.03	-1.75	4.1	-0.72	1.49
6493.0	6492.0	6514.0	6533.0	6481.0	6480.0	889.0	-0.63	13.14	4.39	2.42	-0.24	1.18
6489.0	6490.0	6515.0	6504.0	6474.0	6475.0	894.0	-1.09	3.9	-2.49	-0.74	-0.33	0.63
6484.0	6493.0	6521.0	6510.0	6460.0	6490.0	899.0	-1.11	-2.33	-6.39	-1.62	-0.78	-0.22
6494.0	6493.0	6520.0	6507.0	6466.0	6485.0	905.0	0.0	8.38	-9.46	-2.14	0.43	0.24
6485.0	6496.0	6515.0	6511.0	6468.0	6477.0	910.0	2.98	8.6	-8.89	-1.3	-0.08	0.23
6523.0	6497.0	6515.0	6510.0	6491.0	6467.0	915.0	1.53	7.58	-8.31	-0.67	-0.54	0.14
6494.0	6499.0	6514.0	6516.0	6490.0	6494.0	920.0	1.2	6.5	-7.78	-0.15	-0.49	0.19
6494.0	6502.0	6511.0	6503.0	6489.0	6504.0	926.0	0.88	5.41	-7.56	-0.04	-0.49	0.21
6489.0	6504.0	6512.0	6520.0	6483.0	6491.0	931.0	0.61	5.76	-7.55	-0.12	-0.49	0.22
6504.0	6487.0	6459.0	6445.0	6414.0	6903.0	936.0	0.72	5.64	-7.39	-0.09	-0.28	0.35
6561.0	6485.0	6472.0	6450.0	6440.0	6724.0	941.0	0.97	5.87	-7.54	-0.12	-0.19	0.38
6570.0	6557.0	6480.0	6457.0	6441.0	6522.0	947.0	1.07	5.99	-7.46	-0.23	-0.07	0.44
6577.0	6643.0	6497.0	6481.0	6444.0	6470.0	952.0	0.78	6.1	-7.46	-0.42	0.0	0.44
6268.0	5828.0	6513.0	4646.0	4254.0	3578.0	957.0	1.37	6.43	-7.22	-0.62	0.07	0.47
3521.0	3511.0	3349.0	3370.0	3331.0	3251.0	962.0	1.36	6.09	-7.74	-1.19	0.2	0.4
3274.0	3334.0	3338.0	3442.0	3374.0	3289.0	968.0	2.85	6.39	-8.43	-2.98	0.3	0.26
3276.0	3275.0	3293.0	3324.0	3315.0	3250.0	973.0	3.1	9.07	-10.2	-4.29	0.04	-0.2
3312.0	3460.0	6510.0	6515.0	6492.0	6451.0	978.0	4.25	12.74	-8.39	-4.35	0.15	-0.65
6481.0	6504.0	6508.0	6510.0	6484.0	6484.0	983.0	2.26	9.67	-5.66	-4.35	-0.08	-0.96
6096.0	6488.0	6511.0	6498.0	6472.0	6484.0	988.0	4.07	5.54	-10.84	1.09	-0.11	-1.34
6491.0	6497.0	6511.0	6500.0	6484.0	6487.0	994.0	0.79	3.36	-5.13	3.12	-0.94	-0.53
6490.0	6493.0	6510.0	6501.0	6479.0	6482.0	999.0	1.26	7.56	-6.8	4.38	-0.09	0.44
6488.0	6498.0	6517.0	6503.0	6475.0	6479.0	1004.0	-0.6	8.83	-5.06	4.38	0.75	0.39
6490.0	6486.0	6514.0	6517.0	6490.0	6477.0	1010.0	1.71	11.73	-8.72	4.38	0.99	1.28
6484.0	6492.0	6511.0	6495.0	6482.0	6479.0	1015.0	0.18	18.03	-8.38	4.38	-0.24	2.2
6490.0	6495.0	6508.0	6509.0	6479.0	6482.0	1020.0	-1.25	15.25	-2.72	4.01	-0.38	1.7
6492.0	6490.0	6509.0	6496.0	6474.0	6476.0	1025.0	-1.4	13.61	2.6	2.74	-0.26	1.34
6488.0	6490.0	6514.0	6503.0	6478.0	6476.0	1030.0	-1.03	11.88	2.8	-0.13	0.07	0.62
6485.0	6488.0	6521.0	6505.0	6484.0	6492.0	1036.0	-1.47	3.13	-9.35	-2.22	-0.92	-0.59
6491.0	6505.0	6517.0	6501.0	6468.0	6575.0	1041.0	-0.22	8.08	-10.06	-2.37	0.01	-0.05
6482.0	6497.0	6515.0	6523.0	6474.0	6481.0	1046.0	3.22	8.62	-9.18	-1.5	0.15	0.27
6488.0	6495.0	6514.0	6510.0	6453.0	6475.0	1051.0	2.23	7.52	-8.52	-0.8	-0.26	0.29
6494.0	6500.0	6510.0	6479.0	6462.0	6477.0	1057.0	1.7	6.3	-7.78	-0.23	-0.37	0.29
6498.0	6501.0	6513.0	6505.0	6479.0	6509.0	1062.0	1.37	5.56	-7.54	-0.03	-0.4	0.29
6494.0	6501.0	6513.0	6507.0	6492.0	6482.0	1067.0	1.25	5.41	-7.53	-0.08	-0.41	0.25
6492.0	6499.0	6511.0	6509.0	6480.0	6487.0	1072.0	1.26	6.03	-7.55	-0.07	-0.42	0.22
6495.0	6509.0	6451.0	6433.0	6426.0	6948.0	1078.0	1.31	5.78	-7.51	0.0	-0.4	0.25
6581.0	5585.0	4333.0	4598.0	6306.0	6813.0	1083.0	1.25	5.73	-7.52	-0.01	-0.36	0.29
6589.0	6411.0	3861.0	4350.0	5615.0	6607.0	1088.0	0.78	5.59	-7.62	-0.16	-0.16	0.34
6631.0	6624.0	6485.0	6470.0	6438.0	4372.0	1093.0	0.79	5.82	-7.66	-0.39	0.07	0.49
6484.0	3642.0	3473.0	3367.0	3301.0	3348.0	1098.0	2.07	6.15	-7.46	-0.75	0.12	0.48
3327.0	3490.0	3306.0	3315.0	3334.0	3307.0	1104.0	2.89	5.47	-8.92	-1.95	0.33	0.2
3266.0	3344.0	3376.0	3424.0	3312.0	3250.0	1109.0	3.24	6.21	-10.57	-3.78	0.29	-0.18
3174.0	3238.0	3232.0	3326.0	3548.0	3972.0	1114.0	4.28	12.46	-10.07	-4.35	0.0	-0.95
6472.0	6499.0	6515.0	6483.0	6451.0	6489.0	1120.0	4.32	13.25	-7.59	-4.35	-0.92	-1.79
6483.0	5925.0	6510.0	6511.0	6462.0	6476.0	1125.0	1.53	12.25	-12.87	-1.84	-1.62	-1.58
6484.0	6492.0	6512.0	6484.0	6468.0	6483.0	1130.0	2.24	1.17	-4.29	2.61	-0.73	-0.34
6491.0	5631.0	6282.0	6484.0	6456.0	6475.0	1135.0	1.55	4.89	-5.91	3.18	-0.52	0.39
6492.0	6490.0	6512.0	6494.0	6467.0	6466.0	1141.0	-0.12	7.48	-7.07	4.38	0.04	1.06
6490.0	6488.0	6516.0	6511.0	6471.0	6478.0	1146.0	0.47	13.26	-9.03	4.38	1.12	1.29
6480.0	6489.0	6521.0	6509.0	6483.0	6472.0	1151.0	1.81	17.7	-11.17	4.38	0.13	1.95
6480.0	6499.0	6514.0	6512.0	6481.0	6489.0	1156.0	-1.62	19.66	-2.37	4.38	-0.78	2.29
6490.0	6495.0	6509.0	6497.0	6466.0	6493.0	1161.0	0.09	18.0	5.82	3.58	0.36	1.74
6487.0	6493.0	6517.0	6534.0	6494.0	6449.0	1167.0	7.62	5.81	-1.85	-0.4	0.1	0.78
5415.0	6495.0	6517.0	6505.0	6481.0	6396.0	1172.0	-4.14	12.58	-11.09	-2.48	-0.84	-0.23
6491.0	6471.0	6460.0	6441.0	6418.0	6490.0	1177.0	1.23	7.98	-10.04	-1.87	-0.01	-0.02
6495.0	6502.0	6517.0	6472.0	6423.0	7306.0	1183.0	3.07	6.45	-8.43	-0.99	-0.43	0.18
6420.0	6430.0	6449.0	6425.0	6389.0	7411.0	1188.0	0.23	5.57	-8.05	-0.66	-0.62	0.14
6420.0	6426.0	6444.0	6433.0	6403.0	7419.0	1193.0	1.3	6.05	-8.16	-0.46	-0.43	0.2
6436.0	6426.0	6439.0	6424.0	6399.0	7301.0	1198.0	0.65	5.29	-7.76	-0.33	-0.43	0.24
6452.0	6437.0	6440.0	6436.0	6414.0	7201.0	1203.0	0.68	5.74	-7.53	-0.4	-0.42	0.2
6456.0	6448.0	6449.0	6439.0	6422.0	7054.0	1209.0	0.61	5.96	-7.53	-0.37	-0.56	0.03
6486.0	6454.0	6457.0	6463.0	3654.0	4636.0	1214.0	-0.52	5.17	-7.25	-0.16	-0.33	0.29
3575.0	3477.0	4176.0	4286.0	3900.0	6304.0	1219.0	1.98	6.37	-7.58	-0.15	0.06	0.49
6586.0	6546.0	6490.0	6482.0	6454.0	6502.0	1224.0	0.55	6.09	-7.55	-0.46	0.25	0.51
5140.0	5308.0	3525.0	3937.0	3652.0	3813.0	1230.0	1.66	6.41	-7.7	-0.75	0.25	0.49
3391.0	3396.0	3395.0	3317.0	3246.0	3276.0	1235.0	4.25	5.71	-11.05	-2.22	0.3	0.06
3258.0	3304.0	3295.0	3268.0	3392.0	3325.0	1240.0	1.61	10.25	-10.41	-4.35	-0.22	-0.98
3374.0	4753.0	6512.0	6164.0	5663.0	6489.0	1245.0	5.56	10.97	-11.09	-4.35	-0.09	-1.28
6482.0	6495.0	4552.0	3566.0	4666.0	6477.0	1251.0	3.96	14.68	-13.04	-4.21	-2.22	-1.83
6484.0	6500.0	6513.0	6503.0	6458.0	6501.0	1256.0	1.47	2.27	-6.3	1.21	-1.36	-0.03
6496.0	6499.0	6518.0	6494.0	6430.0	6457.0	1261.0	1.55	3.62	-6.3	2.54	-0.64	0.13
6489.0	6488.0	6515.0	6487.0	6471.0	6477.0	1266.0	0.44	5.96	-5.76	4.38	-0.06	0.44
6487.0	6491.0	6513.0	6509.0	6477.0	6479.0	1272.0	-0.33	8.94	-6.36	4.38	0.78	0.77
6491.0	6493.0	6514.0	6503.0	6434.0	6485.0	1277.0	0.75	14.1	-9.57	4.09	0.93	1.52
6481.0	6492.0	6515.0	6525.0	6469.0	6482.0	1282.0	-1.93	21.34	-7.86	3.55	0.78	1.68
6486.0	6500.0	6514.0	6522.0	6482.0	6490.0	1287.0	-4.4	16.58	-1.8	4.14	0.7	1.93
6492.0	6496.0	6517.0	6499.0	6491.0	6474.0	1293.0	-4.48	14.29	8.5	2.16	-0.47	1.04
6488.0	6492.0	6513.0	6503.0	6492.0	6485.0	1298.0	-2.22	0.39	-4.5	-1.91	-1.61	-0.06
6487.0	6496.0	6514.0	6513.0	6441.0	7149.0	1303.0	2.34	12.77	-10.85	-2.54	0.13	-0.15
6436.0	6432.0	6458.0	6513.0	6500.0	6479.0	1308.0	0.81	7.69	-8.36	-1.04	-0.43	0.19
6501.0	6500.0	6477.0	6498.0	6478.0	6480.0	1314.0	1.64	7.47	-8.05	-0.49	-0.54	0.15
6494.0	6503.0	6515.0	6513.0	6467.0	6490.0	1319.0	0.57	5.95	-7.55	-0.02	-0.47	0.2
6506.0	6492.0	6513.0	6494.0	6481.0	6475.0	1324.0	0.87	5.62	-7.52	-0.04	-0.41	0.26
6495.0	6499.0	6513.0	6450.0	6457.0	6473.0	1329.0	0.73	6.06	-7.45	-0.06	-0.4	0.27
6556.0	6460.0	6457.0	6448.0	6411.0	6995.0	1334.0	0.47	5.97	-7.42	0.08	-0.36	0.29
6534.0	6457.0	5613.0	4031.0	4325.0	6909.0	1340.0	0.42	5.53	-7.56	0.09	-0.27	0.33
4092.0	6490.0	6469.0	6460.0	6434.0	6736.0	1345.0	0.48	5.75	-7.54	-0.1	0.0	0.49
6026.0	6551.0	5251.0	3649.0	4267.0	4621.0	1350.0	1.16	5.88	-7.55	-0.31	0.15	0.52
6597.0	6645.0	6265.0	4446.0	3325.0	3333.0	1356.0	1.28	5.88	-7.74	-0.54	0.17	0.51
3372.0	3552.0	3320.0	3316.0	3263.0	3262.0	1361.0	2.08	5.51	-8.84	-1.37	0.31	0.4
3233.0	3295.0	3266.0	3306.0	3233.0	3225.0	1366.0	4.75	6.67	-11.15	-4.18	0.48	-0.35
3254.0	3222.0	3228.0	3247.0	3285.0	3316.0	1371.0	4.61	11.14	-11.83	-4.35	0.1	-1.15
3832.0	6507.0	6507.0	6507.0	6456.0	6470.0	1377.0	4.09	9.17	-8.43	-4.35	-1.22	-2.41
6487.0	6492.0	4986.0	5188.0	6476.0	6491.0	1382.0	2.7	8.38	-12.94	-1.42	-0.44	-1.59
6490.0	6497.0	6517.0	6496.0	6470.0	6472.0	1387.0	0.99	0.46	-5.46	1.9	-0.2	-0.01
6486.0	6495.0	6506.0	6507.0	5623.0	4657.0	1392.0	-0.49	5.73	-8.48	3.59	0.44	1.21
4313.0	3514.0	3532.0	3503.0	3480.0	3599.0	1397.0	-3.07	7.17	-8.22	4.38	0.63	1.02
3566.0	3584.0	4633.0	5540.0	6470.0	6481.0	1403.0	-3.41	13.57	-10.55	4.38	1.42	1.33
6483.0	6491.0	6511.0	6487.0	6476.0	6477.0	1408.0	-0.91	20.28	-8.55	3.92	-0.34	1.43
6490.0	6500.0	6506.0	6518.0	6454.0	6479.0	1413.0	-3.43	22.77	-0.04	3.95	-0.37	1.9
6488.0	6499.0	6513.0	6514.0	6481.0	6476.0	1419.0	-4.1	17.9	15.46	2.0	-1.06	0.6
6487.0	6490.0	6510.0	6494.0	6479.0	6490.0	1424.0	5.54	3.1	-24.13	-1.77	-0.02	0.22
6485.0	6497.0	6520.0	6499.0	6452.0	5104.0	1429.0	-0.95	9.77	-9.24	-2.42	-0.06	-0.09
5218.0	5156.0	5336.0	6240.0	6472.0	6494.0	1434.0	2.03	10.76	-9.09	-1.63	-0.2	0.04
6514.0	6501.0	6503.0	6500.0	6467.0	6476.0	1440.0	0.61	8.16	-8.02	-0.49	-0.49	0.14
6589.0	6521.0	6496.0	6475.0	6446.0	6481.0	1445.0	1.78	6.23	-7.34	-0.05	-0.3	0.37
6594.0	6533.0	6496.0	6496.0	6447.0	6480.0	1450.0	1.19	5.81	-7.38	0.01	-0.43	0.27
6575.0	6522.0	6456.0	6456.0	6435.0	6918.0	1455.0	0.95	5.98	-7.3	-0.0	-0.39	0.28
6539.0	6473.0	6468.0	6446.0	6453.0	6766.0	1461.0	1.04	5.95	-7.31	-0.02	-0.18	0.39
6575.0	6511.0	6477.0	6457.0	6449.0	6562.0	1466.0	1.54	6.07	-7.29	-0.06	-0.16	0.4
6612.0	6547.0	6489.0	6475.0	6456.0	5500.0	1471.0	1.35	6.06	-7.34	-0.14	-0.11	0.39
6595.0	6617.0	5461.0	6473.0	5845.0	6454.0	1476.0	1.26	6.1	-7.34	-0.33	0.0	0.43
6439.0	6241.0	6496.0	6479.0	4436.0	3778.0	1482.0	1.67	6.32	-7.17	-0.57	0.09	0.47
3395.0	3683.0	3356.0	3419.0	3434.0	3234.0	1487.0	2.04	5.92	-8.01	-1.27	0.31	0.48
3207.0	3267.0	3222.0	3290.0	3286.0	3185.0	1492.0	3.15	5.76	-8.56	-2.57	0.44	0.27
3214.0	3207.0	3226.0	3250.0	3227.0	3211.0	1497.0	3.45	10.87	-9.94	-4.35	0.33	-0.54
3199.0	3230.0	3398.0	6510.0	6487.0	6474.0	1503.0	3.7	12.3	-6.64	-4.35	-0.22	-1.44
6485.0	6497.0	6512.0	6212.0	6476.0	6464.0	1508.0	5.03	13.25	-12.27	-3.98	0.26	-1.5
6489.0	6495.0	6515.0	6513.0	6475.0	6501.0	1513.0	1.87	0.77	-5.51	1.8	-0.98	-0.98
6487.0	6493.0	6508.0	6491.0	6468.0	6475.0	1518.0	0.75	5.16	-7.22	3.03	-0.23	0.21
6485.0	6495.0	6512.0	6496.0	6482.0	6479.0	1524.0	0.17	6.35	-7.41	4.38	-0.16	0.65
6490.0	6497.0	6508.0	6494.0	6484.0	6485.0	1529.0	-1.02	7.78	-6.93	4.38	0.61	0.85
6491.0	6494.0	6509.0	6508.0	6507.0	6488.0	1534.0	1.46	17.61	-12.15	4.36	0.37	1.56
6487.0	6488.0	6511.0	6496.0	6493.0	6494.0	1539.0	0.13	20.87	-4.88	4.38	-0.73	1.61
6490.0	6487.0	6514.0	6504.0	6484.0	6466.0	1545.0	0.64	16.43	5.93	3.2	-0.1	1.59
6487.0	6496.0	6512.0	6490.0	6462.0	6491.0	1550.0	0.21	11.78	14.52	0.44	-0.36	0.95
6113.0	6493.0	6518.0	6601.0	6483.0	6481.0	1555.0	-3.23	5.82	-7.93	-2.45	-0.36	0.02
6492.0	6466.0	6475.0	6473.0	6434.0	6871.0	1560.0	5.1	10.59	-9.38	-1.92	0.01	0.06
6475.0	6497.0	6513.0	6505.0	6487.0	6490.0	1566.0	0.66	9.15	-8.32	-0.83	-0.8	-0.08
6493.0	6499.0	6513.0	6521.0	6484.0	6487.0	1571.0	0.74	6.33	-7.61	0.01	-0.5	0.23
6486.0	6500.0	6511.0	6511.0	6503.0	6504.0	1576.0	0.71	6.16	-7.42	0.04	-0.44	0.26
6493.0	6500.0	6512.0	6513.0	6478.0	6489.0	1581.0	1.05	5.78	-7.47	0.07	-0.42	0.29
6496.0	6499.0	6513.0	6469.0	6434.0	6853.0	1587.0	0.52	6.0	-7.37	0.05	-0.4	0.29
6522.0	6467.0	6472.0	6457.0	6433.0	6831.0	1592.0	0.19	5.74	-7.3	0.03	-0.22	0.4
6532.0	6480.0	6472.0	6472.0	6451.0	6669.0	1597.0	0.79	5.96	-7.37	-0.07	0.07	0.53
6584.0	4840.0	4118.0	6477.0	5371.0	6142.0	1602.0	1.12	6.01	-7.47	-0.2	0.11	0.54
6597.0	6656.0	6488.0	6462.0	6456.0	4617.0	1608.0	1.23	6.02	-7.44	-0.35	0.12	0.54
3468.0	3526.0	3298.0	3289.0	3243.0	3227.0	1613.0	1.77	6.15	-7.47	-0.73	0.24	0.56
3240.0	3483.0	3243.0	3363.0	3529.0	3519.0	1618.0	2.43	5.76	-8.14	-1.38	0.37	0.52
4101.0	3914.0	4156.0	4373.0	3878.0	3625.0	1623.0	4.05	6.43	-10.25	-3.9	0.57	-0.06
3531.0	3433.0	3306.0	3288.0	3270.0	3329.0	1629.0	5.28	11.92	-9.81	-4.35	0.16	-1.15
5550.0	6506.0	6512.0	6487.0	6463.0	6470.0	1634.0	4.29	10.68	-6.62	-4.35	-0.89	-1.9
6485.0	6494.0	6512.0	6499.0	6478.0	6485.0	1639.0	1.86	12.47	-12.33	-1.29	-0.52	-1.32
6487.0	6495.0	6513.0	6499.0	6469.0	6456.0	1644.0	1.81	2.08	-3.8	2.96	-0.34	-0.37
6485.0	6493.0	6515.0	6499.0	6482.0	6485.0	1649.0	0.95	4.77	-5.37	3.58	-0.16	0.39
6488.0	6499.0	6518.0	6504.0	6490.0	6479.0	1655.0	-0.12	8.57	-7.68	4.38	0.14	0.95
6489.0	6493.0	6520.0	6484.0	6478.0	6469.0	1660.0	-0.14	11.17	-8.77	4.38	0.41	1.06
6487.0	6495.0	6515.0	6527.0	6477.0	6470.0	1665.0	3.28	16.89	-11.4	4.37	0.02	1.87
6487.0	6499.0	6514.0	6500.0	6480.0	6516.0	1671.0	-1.1	19.57	-1.2	4.38	-1.17	2.51
6488.0	6493.0	6517.0	6493.0	6484.0	6486.0	1676.0	-1.13	15.74	6.36	3.29	-0.37	2.03
6488.0	6492.0	6516.0	6504.0	6462.0	6472.0	1681.0	3.79	8.98	-1.0	-0.4	0.25	0.78
6487.0	6494.0	6519.0	6500.0	6478.0	6513.0	1686.0	-1.61	-0.36	-7.21	-1.85	-1.29	-0.07
4672.0	4341.0	5867.0	6478.0	6439.0	6841.0	1691.0	0.22	9.03	-9.67	-2.38	0.24	-0.15
6458.0	6474.0	6513.0	6526.0	6488.0	6467.0	1697.0	3.02	8.2	-8.59	-1.05	-0.22	0.19
6552.0	6150.0	4465.0	6060.0	6477.0	6479.0	1702.0	1.3	7.16	-8.11	-0.4	-0.59	0.12
6604.0	6516.0	6496.0	6490.0	6457.0	5337.0	1707.0	1.13	6.02	-7.71	0.0	-0.41	0.27
5908.0	6517.0	6503.0	6478.0	6470.0	6479.0	1712.0	1.04	5.61	-7.47	0.04	-0.31	0.36
6586.0	6473.0	6463.0	6446.0	6413.0	6905.0	1718.0	0.91	5.48	-7.44	-0.02	-0.32	0.36
6127.0	5228.0	4008.0	4081.0	4079.0	3991.0	1723.0	0.9	5.94	-7.45	-0.04	-0.24	0.38
3750.0	4251.0	4159.0	5896.0	5180.0	4417.0	1728.0	1.25	5.89	-7.55	0.01	-0.15	0.42
4329.0	4434.0	6468.0	6462.0	6447.0	6652.0	1733.0	1.4	5.77	-7.5	-0.03	-0.13	0.41
6290.0	3588.0	3795.0	6179.0	6425.0	6532.0	1739.0	1.36	5.77	-7.45	-0.17	-0.03	0.43
6610.0	6661.0	6486.0	6469.0	6455.0	6423.0	1744.0	1.37	5.75	-7.57	-0.34	0.08	0.47
5269.0	4500.0	3659.0	3371.0	3265.0	3227.0	1749.0	1.41	6.24	-7.34	-0.77	0.3	0.54
3275.0	3577.0	3288.0	3381.0	4119.0	6256.0	1754.0	2.27	5.17	-8.77	-1.63	0.63	0.79
6445.0	6602.0	6483.0	6488.0	6634.0	6443.0	1760.0	3.26	4.76	-10.72	-3.6	0.94	0.78
6467.0	6514.0	6496.0	6493.0	6504.0	6467.0	1765.0	5.96	13.08	-9.61	-4.35	1.2	0.24
6478.0	6499.0	6505.0	6490.0	6475.0	6480.0	1770.0	6.79	11.11	-7.98	-4.35	-0.48	-0.58
6483.0	6499.0	6513.0	6500.0	6470.0	6478.0	1775.0	3.53	13.83	-11.03	-3.21	-4.39	-1.98
6485.0	6495.0	6513.0	6521.0	6481.0	6476.0	1781.0	4.38	3.88	-4.76	2.01	-2.93	-2.84
6490.0	6496.0	6511.0	6502.0	6486.0	6472.0	1786.0	9.08	7.08	-6.55	3.09	-3.18	-3.14
6487.0	6494.0	6521.0	6498.0	6481.0	6481.0	1791.0	10.41	9.45	-5.37	4.38	-4.56	-1.44
6492.0	6498.0	6513.0	6514.0	6471.0	6482.0	1796.0	15.03	13.54	-7.9	4.38	-4.32	1.3
6497.0	6506.0	6515.0	6503.0	6462.0	6484.0	1802.0	19.77	17.94	-7.38	4.38	-4.69	3.96
6489.0	6491.0	6514.0	6498.0	6475.0	6483.0	1807.0	15.26	17.32	-1.81	4.38	-4.69	4.72
6489.0	6497.0	6506.0	6502.0	6483.0	6481.0	1812.0	8.37	18.27	-1.77	2.76	-4.41	4.72
6488.0	6499.0	6518.0	6488.0	6482.0	6472.0	1817.0	2.56	17.86	2.83	0.78	-1.96	4.72
6491.0	6496.0	6519.0	6503.0	6465.0	6469.0	1823.0	9.66	6.82	0.43	0.53	0.06	1.6
6491.0	6495.0	6516.0	6493.0	6470.0	6481.0	1828.0	9.75	5.34	-2.01	-0.85	-0.33	2.92
6492.0	6507.0	5638.0	6501.0	3324.0	3586.0	1833.0	14.86	0.11	-9.07	1.94	0.35	0.26
3437.0	3563.0	3641.0	5288.0	6407.0	6790.0	1838.0	3.75	5.66	-7.9	0.32	-0.15	0.43
6638.0	6551.0	4929.0	3528.0	3619.0	4023.0	1844.0	1.59	6.02	-7.51	0.07	-0.41	0.25
3782.0	4027.0	3681.0	3684.0	3636.0	3921.0	1849.0	0.8	5.89	-7.42	-0.08	-0.31	0.33
3806.0	3717.0	3617.0	3682.0	3742.0	4033.0	1854.0	1.43	6.0	-7.19	-0.18	-0.16	0.46
6372.0	6589.0	6481.0	6458.0	6435.0	6559.0	1859.0	1.81	6.07	-7.14	-0.11	-0.06	0.5
6654.0	6631.0	6476.0	6461.0	6441.0	6507.0	1865.0	2.03	6.15	-7.2	-0.11	-0.1	0.46
6652.0	6641.0	6476.0	6451.0	6446.0	6468.0	1870.0	1.82	6.17	-7.11	-0.15	-0.15	0.43
6611.0	6706.0	6476.0	6453.0	6450.0	6442.0	1875.0	2.07	6.25	-7.02	-0.19	-0.13	0.44
6580.0	6534.0	3746.0	3791.0	3561.0	3516.0	1880.0	2.09	6.27	-7.03	-0.23	-0.15	0.39
3502.0	3750.0	3448.0	3454.0	3504.0	3631.0	1886.0	2.38	6.27	-7.19	-0.5	-0.1	0.38
3801.0	5704.0	6132.0	3678.0	3746.0	3755.0	1891.0	3.31	6.31	-7.58	-1.36	-0.08	0.09
4085.0	4209.0	4195.0	4240.0	4308.0	3932.0	1896.0	3.51	6.9	-7.91	-2.2	-0.22	-0.34
5255.0	4327.0	4494.0	6510.0	6486.0	6469.0	1901.0	4.17	9.59	-8.27	-3.39	-1.24	-1.45
6481.0	6496.0	6513.0	6496.0	6459.0	6478.0	1907.0	5.14	11.31	-8.77	-4.17	-2.21	-2.48
6487.0	6492.0	6511.0	6513.0	6484.0	6483.0	1912.0	5.57	9.02	-7.73	-4.05	-3.94	-3.05
6496.0	6493.0	6508.0	6502.0	6463.0	6495.0	1917.0	5.24	3.62	-8.92	0.8	-3.17	1.57
6495.0	6502.0	6516.0	6509.0	6477.0	6484.0	1922.0	-1.91	3.87	-6.47	1.76	-2.56	1.46
6495.0	6501.0	6511.0	6502.0	6479.0	6483.0	1928.0	-0.15	6.67	-7.7	4.04	-0.53	0.38
6496.0	6500.0	6511.0	6509.0	6477.0	6492.0	1933.0	1.35	7.15	-7.22	4.38	0.37	0.7
6492.0	6498.0	6518.0	6508.0	6463.0	6473.0	1938.0	0.48	12.23	-8.61	4.38	1.03	1.55
6487.0	6493.0	6511.0	6511.0	6475.0	6472.0	1943.0	2.12	17.16	-9.19	4.38	0.78	2.76
6489.0	6488.0	6514.0	6507.0	6465.0	6481.0	1949.0	-0.9	22.47	1.35	2.96	-0.53	3.28
6491.0	6491.0	6512.0	6499.0	6466.0	6472.0	1954.0	-1.8	18.37	10.77	1.66	-1.57	1.42
6489.0	6490.0	6514.0	6494.0	6473.0	6503.0	1959.0	2.58	1.84	-16.74	-1.69	-0.25	0.24
6493.0	6498.0	6513.0	6507.0	6433.0	7038.0	1964.0	-0.46	13.59	-12.0	-2.84	0.0	-0.07
6441.0	6431.0	6458.0	6464.0	6478.0	6958.0	1970.0	4.53	8.37	-8.7	-1.64	0.34	0.25
6442.0	6448.0	6451.0	6445.0	6409.0	7000.0	1975.0	3.5	7.58	-8.14	-0.7	-0.28	0.26
6492.0	6500.0	6514.0	6500.0	6459.0	6612.0	1980.0	1.53	6.45	-7.7	-0.27	-0.52	0.17
6511.0	6469.0	6446.0	6441.0	6408.0	7112.0	1985.0	1.38	5.64	-7.5	-0.06	-0.43	0.24
6512.0	6457.0	6509.0	6505.0	6464.0	6968.0	1991.0	1.65	6.0	-7.44	-0.19	-0.54	0.15
6518.0	6483.0	6460.0	6441.0	6424.0	6947.0	1996.0	1.14	6.15	-7.31	-0.09	-0.48	0.21
6535.0	6504.0	6460.0	6453.0	6419.0	6851.0	2001.0	1.23	5.9	-7.32	-0.0	-0.25	0.35
6569.0	6537.0	6473.0	6462.0	6428.0	6634.0	2006.0	1.31	5.69	-7.45	-0.06	-0.12	0.39
6618.0	6579.0	6484.0	6464.0	6440.0	6483.0	2012.0	1.22	5.95	-7.48	-0.3	0.0	0.41
6594.0	6688.0	5129.0	4805.0	4183.0	3927.0	2017.0	1.63	6.15	-7.56	-0.75	0.12	0.43
3499.0	3742.0	3672.0	3423.0	3466.0	3328.0	2022.0	2.92	5.69	-8.51	-1.5	0.32	0.41
3308.0	3328.0	3335.0	3365.0	3285.0	3220.0	2027.0	4.42	6.66	-11.15	-4.21	0.33	-0.29
3285.0	3253.0	3319.0	3683.0	6481.0	6476.0	2033.0	3.41	11.19	-11.45	-4.35	0.01	-1.01
6479.0	4820.0	3997.0	3542.0	5410.0	5399.0	2038.0	2.66	9.02	-6.97	-4.35	-0.64	-1.9
5506.0	5910.0	6511.0	6505.0	6464.0	6478.0	2043.0	3.63	4.48	-10.24	0.67	-0.91	-0.88
6485.0	6490.0	6516.0	6504.0	6482.0	6480.0	2048.0	1.53	1.06	-4.54	2.42	-0.74	-0.41
6495.0	6500.0	6515.0	6503.0	6471.0	6474.0	2054.0	1.26	6.08	-7.06	3.68	-0.25	0.57
6488.0	6491.0	6515.0	6504.0	6483.0	6482.0	2059.0	0.14	7.86	-7.5	4.38	-0.01	1.22
3705.0	3636.0	3661.0	3640.0	3599.0	3916.0	2064.0	0.13	11.19	-9.58	4.38	0.23	1.58
6486.0	6495.0	6516.0	6503.0	6495.0	6468.0	2069.0	2.21	22.02	-9.52	4.38	-0.74	1.91
6490.0	6497.0	6510.0	6497.0	6470.0	6481.0	2075.0	-1.72	25.53	1.25	4.38	-1.06	2.01
6488.0	6491.0	6513.0	6500.0	6477.0	6486.0	2080.0	-4.78	14.46	17.05	1.67	-0.07	1.07
6487.0	6495.0	6515.0	6509.0	6476.0	6494.0	2085.0	-4.4	4.48	-6.42	-2.77	-0.67	0.06
6493.0	6503.0	6508.0	6473.0	6459.0	6833.0	2090.0	2.4	10.87	-9.5	-2.91	0.33	-0.11
6480.0	6478.0	6503.0	6505.0	6475.0	6488.0	2096.0	-1.14	7.08	-7.77	-0.14	-0.8	-0.04
6494.0	6499.0	6513.0	6510.0	6475.0	6494.0	2101.0	1.23	6.17	-7.54	0.1	-0.36	0.33
6495.0	6499.0	6514.0	6504.0	6472.0	6494.0	2106.0	0.82	5.87	-7.53	0.12	-0.39	0.28
6496.0	6500.0	6511.0	6508.0	6497.0	6473.0	2111.0	0.62	5.89	-7.42	0.05	-0.27	0.37
6496.0	6502.0	6512.0	6514.0	6482.0	6498.0	2117.0	1.02	5.78	-7.48	0.04	-0.23	0.4
6497.0	6501.0	6513.0	6499.0	6494.0	6489.0	2122.0	0.74	5.85	-7.38	0.05	-0.23	0.35
6494.0	6501.0	6510.0	6518.0	6483.0	6481.0	2127.0	1.05	5.71	-7.5	-0.11	-0.08	0.42
6583.0	6557.0	6491.0	6388.0	3775.0	4380.0	2132.0	0.92	5.98	-7.54	-0.28	-0.02	0.44
5613.0	4867.0	6502.0	5474.0	5177.0	3734.0	2137.0	1.15	6.01	-7.56	-0.59	0.11	0.48
3956.0	3773.0	3446.0	3421.0	3306.0	3287.0	2143.0	1.59	5.9	-7.97	-1.35	0.43	0.62
3281.0	3402.0	3311.0	3433.0	3365.0	3194.0	2148.0	2.79	5.57	-8.82	-2.63	0.63	0.49
3192.0	3236.0	3247.0	3292.0	3266.0	3200.0	2153.0	3.05	9.53	-10.97	-4.35	0.54	-0.24
3231.0	3235.0	3290.0	3281.0	4008.0	4221.0	2159.0	6.23	13.46	-11.28	-4.35	0.73	-0.73
4504.0	3725.0	3786.0	5357.0	5624.0	5859.0	2164.0	4.02	8.68	-9.5	-4.35	0.63	-1.25
6484.0	6493.0	6503.0	6514.0	6483.0	6484.0	2169.0	1.75	1.81	-7.02	3.07	0.03	-1.33
6485.0	6496.0	6511.0	6502.0	6437.0	4507.0	2174.0	2.1	2.95	-4.91	4.13	-0.19	-0.74
5959.0	6490.0	5922.0	3566.0	3524.0	3545.0	2179.0	0.23	6.2	-6.65	4.38	0.01	0.77
3987.0	4159.0	4182.0	4190.0	4024.0	3547.0	2185.0	-1.29	8.36	-7.83	4.38	0.4	0.89
3927.0	6490.0	6510.0	6503.0	6467.0	6481.0	2190.0	2.53	19.07	-12.19	4.38	0.91	1.63
6488.0	6499.0	6511.0	6502.0	6473.0	6470.0	2195.0	0.25	25.42	1.6	4.38	-1.04	2.71
6486.0	6498.0	6519.0	6493.0	6471.0	6482.0	2200.0	0.27	18.86	9.96	3.6	0.36	2.46
5351.0	4768.0	6516.0	6495.0	5806.0	6025.0	2206.0	3.35	5.61	-19.84	-2.37	-1.46	-0.33
4212.0	6350.0	6514.0	6513.0	6474.0	6484.0	2211.0	-3.27	10.35	-9.2	-2.8	0.07	0.02
6490.0	6489.0	6474.0	6473.0	6467.0	6498.0	2216.0	5.46	11.72	-9.69	-2.49	-0.06	0.01
6491.0	6499.0	6511.0	6517.0	6481.0	6505.0	2221.0	-0.11	7.13	-7.63	-0.19	-0.57	0.16
6493.0	6498.0	6510.0	6515.0	6482.0	6482.0	2227.0	0.99	6.27	-7.41	0.03	-0.39	0.31
6614.0	6502.0	6500.0	6512.0	6469.0	6490.0	2232.0	0.74	5.95	-7.52	0.11	-0.36	0.32
6494.0	6499.0	6511.0	6508.0	6482.0	4355.0	2237.0	0.79	5.91	-7.49	0.06	-0.3	0.34
5720.0	6498.0	5833.0	5524.0	6443.0	6905.0	2242.0	0.67	5.99	-7.41	0.05	-0.3	0.35
6573.0	6465.0	6263.0	3932.0	3366.0	4257.0	2248.0	0.88	5.77	-7.4	0.07	-0.23	0.38
5407.0	6471.0	6470.0	3407.0	3335.0	4139.0	2253.0	0.55	5.54	-7.43	-0.02	-0.08	0.45
3559.0	3874.0	4123.0	3711.0	3875.0	4264.0	2258.0	1.07	5.67	-7.56	-0.2	0.06	0.5
6120.0	4404.0	4040.0	3755.0	3423.0	3572.0	2263.0	1.21	6.04	-7.54	-0.59	0.16	0.53
3455.0	3479.0	3254.0	3273.0	3263.0	3190.0	2269.0	1.12	6.28	-7.45	-0.92	0.28	0.6
3193.0	3379.0	3232.0	3356.0	3387.0	3176.0	2274.0	2.69	5.5	-8.57	-2.14	0.51	0.6
3162.0	3208.0	3225.0	3353.0	3267.0	3184.0	2279.0	4.56	8.02	-10.55	-4.35	0.39	-0.25
3199.0	3208.0	3219.0	3261.0	3197.0	3198.0	2284.0	3.31	12.41	-10.33	-4.35	0.38	-0.79
3208.0	3398.0	3945.0	3322.0	5767.0	5597.0	2290.0	4.43	8.4	-9.23	-4.35	-0.39	-1.67
5733.0	5249.0	6512.0	6485.0	6472.0	6484.0	2295.0	-0.2	16.04	-17.3	-2.06	-0.72	-2.04
6489.0	6504.0	6523.0	6520.0	6476.0	4512.0	2300.0	2.9	2.69	-7.4	3.35	-0.33	-0.79
4108.0	4305.0	3538.0	3613.0	3511.0	3511.0	2305.0	0.01	5.8	-6.85	4.38	-0.2	0.54
4160.0	4158.0	4153.0	4152.0	4113.0	4134.0	2311.0	-0.55	7.94	-7.36	4.38	0.19	0.57
3498.0	3464.0	4280.0	6504.0	6484.0	6473.0	2316.0	-0.26	17.4	-11.59	4.38	1.52	1.3
6486.0	6493.0	6516.0	6485.0	6472.0	6484.0	2321.0	-2.51	26.01	-3.2	4.38	-0.52	2.27
6488.0	6499.0	6514.0	6482.0	6478.0	6495.0	2326.0	1.16	22.66	5.64	4.03	0.29	2.21
6489.0	6501.0	6470.0	3508.0	4243.0	4182.0	2332.0	2.7	-1.92	0.88	-1.1	-0.42	0.45
6485.0	6498.0	6513.0	6504.0	6482.0	6498.0	2337.0	-4.41	5.73	-7.37	-2.86	-0.72	-0.09
6500.0	6492.0	6508.0	6493.0	6462.0	6504.0	2342.0	4.24	13.07	-9.77	-2.55	0.19	0.37
6502.0	6499.0	6511.0	6516.0	6482.0	6488.0	2347.0	1.72	6.64	-7.73	-0.42	-0.23	0.44
6494.0	6500.0	6512.0	6518.0	6467.0	6477.0	2353.0	1.9	6.64	-7.48	-0.04	-0.29	0.41
6496.0	6497.0	6511.0	6507.0	6482.0	6495.0	2358.0	1.12	6.34	-7.35	0.14	-0.27	0.4
6494.0	6499.0	6513.0	6496.0	5069.0	6043.0	2363.0	1.17	5.39	-7.49	0.03	-0.25	0.4
6494.0	6500.0	6481.0	6459.0	6426.0	6651.0	2368.0	1.32	5.89	-7.34	-0.12	-0.23	0.39
6496.0	6501.0	6513.0	6514.0	6009.0	6485.0	2373.0	1.79	6.02	-7.27	-0.08	-0.14	0.45
6650.0	6533.0	6469.0	6453.0	4857.0	4163.0	2379.0	1.55	5.93	-7.14	-0.07	-0.19	0.39
5433.0	4194.0	3752.0	3702.0	3585.0	3333.0	2384.0	1.84	5.82	-7.35	-0.18	-0.07	0.45
3530.0	3506.0	3267.0	3244.0	3236.0	3202.0	2389.0	1.86	6.02	-7.42	-0.51	-0.01	0.41
3413.0	3608.0	3214.0	3215.0	3301.0	3174.0	2395.0	1.5	6.18	-7.51	-0.92	0.14	0.48
3189.0	3485.0	3211.0	3282.0	3418.0	3165.0	2400.0	2.39	5.39	-8.82	-2.34	0.53	0.51
3159.0	3239.0	3201.0	3269.0	3293.0	3171.0	2405.0	3.16	6.96	-9.73	-4.08	0.73	0.17
3195.0	3203.0	3358.0	3203.0	3206.0	3223.0	2410.0	5.71	13.48	-11.19	-4.35	1.08	-0.31
3217.0	3907.0	6177.0	6498.0	5454.0	4621.0	2416.0	5.11	5.05	-11.39	-4.35	0.1	-1.05
5724.0	3997.0	4037.0	3925.0	4220.0	4369.0	2421.0	0.4	8.28	-14.05	0.24	-0.93	-2.1
6489.0	6497.0	6514.0	6521.0	6473.0	6498.0	2426.0	3.28	3.26	-5.62	4.14	-0.4	-1.96
6490.0	5672.0	4418.0	4137.0	5381.0	6470.0	2431.0	1.82	5.81	-5.84	4.38	-0.65	-0.31
6494.0	6499.0	6515.0	6526.0	6518.0	6487.0	2436.0	1.0	7.87	-6.8	4.38	0.01	0.54
6488.0	5907.0	6513.0	6509.0	6491.0	6481.0	2442.0	4.23	17.55	-11.78	4.38	1.58	1.87
6487.0	6489.0	6520.0	6497.0	6479.0	6494.0	2447.0	6.91	28.4	-7.95	4.16	-0.27	3.01
6488.0	6493.0	6517.0	6509.0	6474.0	6486.0	2452.0	2.54	21.75	9.18	3.64	-0.39	3.04
6491.0	6494.0	6514.0	6506.0	6442.0	5913.0	2458.0	4.29	4.83	-17.01	-2.48	-0.87	0.09
3560.0	5978.0	6496.0	6504.0	6477.0	6641.0	2463.0	-5.58	11.69	-10.8	-3.13	-0.05	0.22
3845.0	6403.0	6475.0	6448.0	6444.0	6690.0	2468.0	2.82	13.13	-9.34	-1.75	-0.51	0.07
6492.0	6496.0	6513.0	6524.0	6478.0	6487.0	2473.0	1.33	6.46	-7.36	-0.17	-0.41	0.34
6495.0	6498.0	6513.0	6508.0	6496.0	6491.0	2479.0	1.37	6.11	-7.37	0.05	-0.48	0.27
6494.0	6500.0	6512.0	6512.0	6471.0	6479.0	2484.0	0.13	5.94	-7.61	0.14	-0.46	0.24
6490.0	6499.0	6510.0	6514.0	6486.0	6477.0	2489.0	0.56	5.78	-7.55	-0.01	-0.28	0.36
4204.0	4298.0	4523.0	4636.0	4550.0	5983.0	2494.0	0.78	5.84	-7.37	-0.07	-0.23	0.37
6557.0	6492.0	6488.0	6295.0	4387.0	5486.0	2499.0	0.97	5.94	-7.31	-0.05	-0.15	0.37
5905.0	5069.0	3608.0	3623.0	3785.0	3879.0	2505.0	0.75	6.01	-7.35	-0.08	-0.1	0.4
5368.0	6588.0	5378.0	4747.0	6457.0	4588.0	2510.0	1.0	5.95	-7.44	-0.2	-0.0	0.46
5083.0	5067.0	3465.0	3348.0	3260.0	3215.0	2515.0	0.75	6.0	-7.59	-0.56	0.13	0.48
3283.0	3369.0	3237.0	3294.0	3282.0	3170.0	2521.0	1.55	5.99	-7.82	-1.01	0.3	0.61
3170.0	3289.0	3234.0	3341.0	3351.0	3194.0	2526.0	3.04	6.01	-8.65	-2.92	0.5	0.37
3167.0	3211.0	3219.0	3283.0	3217.0	3183.0	2531.0	4.4	8.11	-9.56	-4.32	0.28	-0.12
3205.0	3213.0	3248.0	5215.0	6488.0	6488.0	2536.0	5.28	11.82	-9.29	-4.35	-0.08	-1.07
6481.0	4509.0	5442.0	6322.0	6474.0	6468.0	2542.0	3.63	7.51	-8.22	-4.35	-0.84	-1.51
5163.0	5888.0	4120.0	4341.0	4304.0	6489.0	2547.0	2.82	7.92	-11.66	0.04	-0.48	-1.03
6483.0	6492.0	4879.0	4309.0	4195.0	4227.0	2552.0	1.57	3.59	-5.33	3.28	-0.68	-0.63
4209.0	4631.0	6509.0	5727.0	4810.0	4426.0	2557.0	1.25	5.96	-5.74	4.38	0.04	0.22
6492.0	6500.0	5236.0	4191.0	4147.0	3710.0	2562.0	0.65	7.4	-5.87	4.38	0.85	0.48
3761.0	4053.0	6209.0	6488.0	6466.0	6466.0	2568.0	1.38	16.24	-12.41	4.38	1.22	1.84
6491.0	6491.0	6509.0	6503.0	6465.0	6483.0	2573.0	0.9	21.6	-9.77	4.38	0.01	1.9
6490.0	6495.0	6516.0	6498.0	6481.0	6471.0	2578.0	-1.43	19.62	2.86	4.14	0.74	2.48
6489.0	6496.0	6515.0	6504.0	6428.0	6452.0	2583.0	5.67	9.6	6.04	0.06	0.09	0.86
6488.0	6496.0	6312.0	4279.0	5824.0	6487.0	2589.0	-4.08	-0.8	-6.39	-1.89	-1.73	0.05
6495.0	6498.0	6516.0	6505.0	6478.0	6580.0	2594.0	3.1	8.77	-9.06	-2.98	0.26	0.07
6503.0	6496.0	6511.0	6504.0	6483.0	6488.0	2599.0	2.47	16.65	-9.88	-2.11	-0.64	-0.01
6497.0	6500.0	6512.0	6515.0	6482.0	6503.0	2604.0	1.11	6.59	-7.48	-0.07	-0.25	0.43
6494.0	6499.0	6516.0	6463.0	6474.0	6469.0	2610.0	1.15	6.34	-7.33	0.08	-0.24	0.42
6504.0	6500.0	6511.0	6503.0	6466.0	6486.0	2615.0	1.19	5.96	-7.42	0.08	-0.27	0.41
6497.0	6499.0	6512.0	6505.0	6488.0	6490.0	2620.0	0.79	5.81	-7.37	-0.05	-0.3	0.36
6615.0	6474.0	6461.0	6453.0	6438.0	6804.0	2625.0	1.21	6.18	-7.22	-0.07	-0.16	0.43
6553.0	6520.0	5995.0	6019.0	4466.0	6325.0	2631.0	1.45	6.15	-7.19	-0.07	-0.15	0.43
6454.0	6567.0	6477.0	6456.0	6482.0	6492.0	2636.0	1.29	6.24	-7.15	-0.12	-0.09	0.47
4797.0	4271.0	4139.0	3818.0	3465.0	3541.0	2641.0	1.66	6.01	-7.26	-0.17	-0.06	0.47
6207.0	3784.0	3851.0	3364.0	3718.0	3341.0	2646.0	1.32	6.27	-7.23	-0.5	0.02	0.49
3363.0	3557.0	3217.0	3278.0	3311.0	3172.0	2652.0	1.9	6.22	-7.6	-1.09	0.25	0.66
3170.0	3384.0	3255.0	3395.0	3433.0	3176.0	2657.0	2.91	5.68	-8.42	-2.12	0.4	0.59
3271.0	3211.0	3214.0	3259.0	3228.0	3171.0	2662.0	2.63	8.77	-9.65	-4.29	0.6	-0.1
3184.0	3198.0	3204.0	3214.0	3187.0	3190.0	2667.0	4.15	12.09	-9.26	-4.35	0.84	-0.36
3178.0	3209.0	3230.0	3241.0	3210.0	3259.0	2672.0	3.74	7.74	-7.11	-4.35	1.01	-0.67
6343.0	6493.0	6514.0	6498.0	6456.0	6474.0	2678.0	2.07	2.8	-9.05	1.67	-0.18	-2.18
6493.0	5597.0	4338.0	4302.0	4244.0	4212.0	2683.0	3.1	2.11	-6.59	2.84	-0.79	-1.97
3609.0	3604.0	3618.0	3610.0	3599.0	4022.0	2688.0	1.74	5.69	-7.42	4.38	-0.25	0.08
4241.0	4221.0	4240.0	4242.0	4216.0	4228.0	2693.0	-0.49	8.99	-7.06	4.38	0.47	0.71
3604.0	3655.0	3737.0	6238.0	6473.0	6483.0	2699.0	0.25	15.67	-10.42	4.38	1.22	1.23
6485.0	6499.0	6511.0	6499.0	6472.0	6472.0	2704.0	3.55	22.98	-5.91	4.38	-0.21	2.05
6485.0	6495.0	6510.0	6484.0	6493.0	6493.0	2709.0	-4.89	19.74	3.62	4.05	-0.06	2.48
6486.0	6493.0	6518.0	6512.0	6475.0	6474.0	2714.0	-3.89	15.04	11.44	0.72	-0.48	0.58
6485.0	6493.0	6514.0	6529.0	6476.0	6502.0	2720.0	-4.21	1.89	-6.93	-2.3	-1.04	-0.15
6494.0	6498.0	6523.0	6488.0	6449.0	6785.0	2725.0	-1.07	7.94	-8.45	-3.04	0.29	0.15
6480.0	6497.0	6513.0	6508.0	6472.0	6511.0	2730.0	1.02	17.68	-8.63	-1.67	-0.9	-0.25
6493.0	6501.0	6513.0	6524.0	6493.0	6491.0	2735.0	1.13	6.48	-7.44	0.1	-0.42	0.31
6496.0	6502.0	6512.0	6484.0	6487.0	6487.0	2741.0	0.61	6.21	-7.39	0.17	-0.43	0.28
6495.0	6499.0	6512.0	6517.0	6474.0	6486.0	2746.0	0.64	5.74	-7.68	0.11	-0.44	0.26
6493.0	6498.0	6514.0	6514.0	6491.0	6489.0	2751.0	0.33	5.89	-7.51	0.02	-0.39	0.29
6497.0	6498.0	6514.0	6504.0	6457.0	6484.0	2756.0	0.64	6.07	-7.37	0.06	-0.37	0.31
6493.0	6498.0	6509.0	6523.0	6435.0	6927.0	2762.0	0.4	5.92	-7.44	0.15	-0.35	0.3
6509.0	6451.0	6457.0	6455.0	6424.0	6248.0	2767.0	0.11	5.78	-7.44	0.16	-0.27	0.36
4219.0	4187.0	5738.0	5802.0	3860.0	4727.0	2772.0	0.48	5.27	-7.54	0.03	-0.02	0.49
3702.0	3454.0	3296.0	3260.0	3203.0	3303.0	2777.0	0.5	5.71	-7.65	-0.17	0.08	0.5
3312.0	3298.0	3216.0	3215.0	3167.0	3189.0	2783.0	1.01	5.62	-8.1	-0.8	0.36	0.62
3220.0	3297.0	3229.0	3248.0	3207.0	3254.0	2788.0	1.58	3.96	-10.73	-2.72	0.69	0.29
3254.0	3284.0	3333.0	3316.0	3207.0	3174.0	2793.0	4.38	7.74	-11.5	-4.35	0.34	-0.27
3166.0	3199.0	3220.0	3225.0	3248.0	4725.0	2798.0	5.34	12.73	-8.12	-4.35	-0.91	-1.43
6482.0	5921.0	6520.0	6503.0	6484.0	6484.0	2804.0	-2.08	8.13	-7.74	-4.35	-2.8	-2.03
6494.0	6499.0	6517.0	6510.0	6491.0	6485.0	2809.0	0.9	8.87	-9.9	0.46	0.47	-0.52
6486.0	6491.0	6513.0	6512.0	6463.0	6479.0	2814.0	1.07	4.18	-4.55	3.58	0.15	0.03
6498.0	6491.0	6510.0	6482.0	6459.0	5367.0	2819.0	-1.64	6.69	-6.33	4.38	0.61	0.77
6488.0	6501.0	6515.0	6513.0	6480.0	6457.0	2825.0	-2.05	8.2	-7.25	4.38	1.29	0.35
6488.0	6495.0	6510.0	6496.0	6500.0	6494.0	2830.0	-0.03	14.64	-10.99	4.25	1.81	1.25
6487.0	6493.0	6515.0	6496.0	6476.0	6475.0	2835.0	0.54	20.18	-8.38	3.82	0.11	1.99
6489.0	6495.0	6514.0	6500.0	6488.0	6470.0	2840.0	-2.57	17.95	3.38	3.58	0.37	1.82
6487.0	6494.0	6517.0	6498.0	6479.0	6463.0	2846.0	0.41	6.56	12.54	0.11	-0.55	0.57
5100.0	5430.0	6522.0	6507.0	6471.0	6492.0	2851.0	-3.46	2.07	-6.13	-2.12	-0.94	-0.18
6496.0	6509.0	6477.0	6463.0	6428.0	6951.0	2856.0	3.17	10.84	-9.57	-2.17	0.23	0.28
6463.0	6488.0	6513.0	6509.0	6478.0	6501.0	2861.0	1.38	10.1	-8.32	-1.14	-0.43	0.21
6493.0	6499.0	6512.0	6520.0	6495.0	6482.0	2867.0	1.55	6.65	-7.59	-0.01	-0.46	0.24
6495.0	6500.0	6511.0	6511.0	6470.0	6492.0	2872.0	1.07	6.2	-7.5	0.18	-0.41	0.27
6491.0	6499.0	6513.0	6526.0	6479.0	6478.0	2877.0	1.02	5.64	-7.59	0.2	-0.39	0.27
6495.0	6499.0	6512.0	6512.0	6478.0	6463.0	2882.0	1.03	5.74	-7.52	0.05	-0.42	0.25
6603.0	6456.0	6448.0	6447.0	6424.0	6987.0	2888.0	0.91	5.89	-7.45	0.09	-0.4	0.27
6575.0	6460.0	3639.0	3936.0	3874.0	3946.0	2893.0	0.85	5.75	-7.55	0.11	-0.36	0.3
3707.0	4069.0	3893.0	3510.0	3567.0	4552.0	2898.0	0.58	5.52	-7.43	0.06	-0.24	0.39
4219.0	5330.0	4647.0	6268.0	6423.0	6779.0	2903.0	0.77	5.33	-7.55	-0.02	-0.09	0.46
6638.0	6521.0	5067.0	3501.0	3320.0	3300.0	2909.0	0.82	5.62	-7.62	-0.31	0.11	0.53
3406.0	3357.0	3210.0	3198.0	3180.0	3189.0	2914.0	1.78	6.01	-7.69	-0.8	0.39	0.66
3250.0	3412.0	3202.0	3253.0	3280.0	3166.0	2919.0	2.44	5.82	-8.16	-1.36	0.51	0.62
3172.0	3478.0	3684.0	3588.0	3716.0	5166.0	2924.0	3.35	5.67	-9.95	-3.77	0.73	0.23
3517.0	3255.0	3219.0	3219.0	3195.0	3204.0	2930.0	5.35	11.96	-9.26	-4.35	0.7	-0.39
3480.0	5700.0	6514.0	6502.0	6465.0	6482.0	2935.0	4.53	12.23	-6.52	-4.35	-0.52	-1.32
6492.0	6505.0	6511.0	6481.0	6470.0	6469.0	2940.0	3.03	21.04	-14.95	-3.5	-0.47	-1.07
6486.0	6491.0	6509.0	6492.0	6463.0	6473.0	2945.0	3.88	0.77	-7.33	2.61	-1.32	-0.56
6495.0	6499.0	6519.0	6524.0	6467.0	6493.0	2951.0	1.0	4.87	-6.09	3.76	-1.87	0.27
6489.0	6492.0	6514.0	6504.0	6486.0	6462.0	2956.0	2.82	5.64	-5.65	4.38	-2.22	1.31
6487.0	6500.0	6509.0	6510.0	6455.0	6477.0	2961.0	9.51	10.93	-8.85	4.38	-2.65	2.09
6488.0	6494.0	6512.0	6511.0	6479.0	6475.0	2966.0	13.11	21.19	-2.88	4.38	-4.69	4.72
6485.0	6500.0	6517.0	6496.0	6466.0	6473.0	2972.0	9.99	18.86	2.95	3.19	-4.69	4.72
6487.0	6502.0	6515.0	6523.0	6467.0	6461.0	2977.0	7.18	15.53	5.49	0.91	0.2	4.08
6486.0	6492.0	6512.0	6500.0	6470.0	6560.0	2982.0	-0.78	2.61	-6.63	-1.04	0.03	0.98
6479.0	6482.0	6492.0	6470.0	6460.0	6693.0	2987.0	4.73	11.01	-8.82	-0.96	0.15	0.09
6474.0	6478.0	6478.0	6473.0	6445.0	6870.0	2993.0	1.06	6.93	-7.9	0.29	-0.35	0.2
6527.0	6470.0	6458.0	6443.0	6421.0	7016.0	2998.0	1.92	5.83	-7.64	0.35	0.26	0.63
6531.0	6462.0	6453.0	6449.0	6417.0	7055.0	3003.0	2.36	5.8	-7.59	0.32	0.06	0.62
6528.0	6443.0	6448.0	6437.0	6425.0	7084.0	3008.0	1.97	5.14	-7.59	0.3	-0.31	0.42
6510.0	6440.0	6452.0	6432.0	6421.0	7051.0	3014.0	1.35	5.51	-7.65	0.1	-0.42	0.35
6497.0	6441.0	6458.0	6438.0	6424.0	7072.0	3019.0	1.25	5.17	-7.63	0.01	-0.26	0.5
6506.0	6441.0	6456.0	6438.0	6410.0	7063.0	3024.0	1.72	4.89	-7.43	-0.24	-0.31	0.41
6537.0	6452.0	6448.0	6436.0	6397.0	7017.0	3029.0	1.04	5.14	-7.58	-0.47	-0.31	0.38
6577.0	6473.0	6455.0	6451.0	6414.0	6799.0	3034.0	1.01	6.62	-7.65	-0.51	-0.46	0.24
6592.0	6499.0	6470.0	6453.0	6440.0	6650.0	3040.0	1.36	6.31	-7.36	-0.27	-0.42	0.24
6617.0	6565.0	6478.0	6467.0	6468.0	6541.0	3045.0	1.54	6.07	-7.29	-0.2	-0.31	0.33
6600.0	6596.0	6493.0	6483.0	6465.0	6473.0	3050.0	1.43	6.21	-7.45	-0.41	-0.26	0.28
6503.0	6546.0	6510.0	6498.0	6482.0	6490.0	3056.0	0.99	6.07	-7.82	-0.86	-0.25	0.25
6485.0	6493.0	6514.0	6502.0	6495.0	6463.0	3061.0	4.13	7.69	-8.38	-2.29	-0.8	-0.4
6481.0	6491.0	6518.0	6504.0	6480.0	6475.0	3066.0	7.37	12.29	-8.39	-1.78	-3.97	-1.78
6482.0	6489.0	6520.0	6503.0	6481.0	6495.0	3071.0	8.16	11.47	-3.58	-0.82	-4.69	-2.41
6490.0	6494.0	6510.0	6502.0	6471.0	6473.0	3076.0	10.07	8.97	-0.78	1.9	-4.69	3.48
6491.0	6500.0	6521.0	6496.0	4418.0	4296.0	3082.0	3.06	8.76	-2.38	1.57	-4.69	3.97
4302.0	4265.0	4277.0	4291.0	4237.0	4231.0	3087.0	3.06	6.08	-6.87	1.99	-4.06	3.71
4250.0	4390.0	4395.0	4964.0	6490.0	6260.0	3092.0	-0.12	6.76	-7.57	3.12	-2.6	3.74
4516.0	4528.0	4654.0	6154.0	6486.0	6497.0	3097.0	-1.95	6.12	-8.21	3.5	-1.19	3.21
6492.0	6493.0	6512.0	6503.0	5795.0	3790.0	3103.0	-1.54	10.48	-10.67	3.44	-1.22	2.67
3825.0	6019.0	6517.0	6497.0	6471.0	6483.0	3108.0	2.98	18.01	5.47	2.13	0.69	3.57
6485.0	6494.0	6510.0	6508.0	6473.0	6488.0	3113.0	-14.25	17.36	10.88	1.4	-4.02	0.62
6489.0	6488.0	6518.0	6481.0	6467.0	6588.0	3118.0	15.15	22.17	-16.0	-2.96	0.38	-0.49
6476.0	6472.0	6494.0	6471.0	6445.0	6707.0	3124.0	-8.74	22.8	-9.67	-1.57	-0.85	-0.04
6101.0	5807.0	6487.0	6466.0	6461.0	6823.0	3129.0	0.09	6.31	-7.36	-0.01	-0.22	0.42
6100.0	6007.0	6481.0	6474.0	6444.0	6718.0	3134.0	1.06	5.88	-7.41	-0.09	0.02	0.58
6571.0	6511.0	6483.0	6306.0	3865.0	3991.0	3139.0	1.45	6.15	-7.42	-0.22	0.11	0.65
3938.0	3672.0	3600.0	3587.0	3729.0	3957.0	3145.0	2.0	6.3	-7.04	-0.18	-0.02	0.54
5570.0	6660.0	6479.0	6325.0	6467.0	6457.0	3150.0	1.85	6.26	-7.08	-0.22	-0.07	0.5
6585.0	6683.0	6477.0	6475.0	6484.0	6202.0	3155.0	2.13	6.5	-6.87	-0.27	-0.09	0.48
5723.0	6774.0	5691.0	6285.0	6514.0	4540.0	3160.0	2.23	6.67	-6.62	-0.18	-0.17	0.4
3415.0	3600.0	3263.0	3231.0	3320.0	3368.0	3166.0	2.39	6.63	-6.64	-0.09	-0.21	0.34
3240.0	3590.0	3214.0	3408.0	3347.0	3171.0	3171.0	2.03	6.4	-6.91	-0.12	-0.22	0.26
3183.0	3581.0	3203.0	3270.0	3409.0	3166.0	3176.0	1.85	6.45	-7.02	-0.56	-0.03	0.35
3345.0	3422.0	3204.0	3332.0	3611.0	3168.0	3182.0	2.32	6.44	-7.06	-1.07	0.06	0.39
3160.0	3246.0	3207.0	3372.0	3410.0	3174.0	3187.0	3.25	6.52	-8.19	-2.41	0.13	0.1
3165.0	3215.0	3212.0	3254.0	3294.0	3190.0	3192.0	5.09	10.63	-9.97	-4.35	-0.06	-1.07
3313.0	3873.0	3645.0	4910.0	6468.0	6462.0	3197.0	6.62	12.35	-10.43	-4.35	-0.56	-2.07
6481.0	6389.0	4333.0	4128.0	4749.0	4522.0	3202.0	8.1	10.82	-14.51	-4.35	-1.47	-2.3
6488.0	6491.0	6515.0	6507.0	6477.0	6478.0	3208.0	6.4	2.3	-11.28	2.48	-1.92	-0.4
6496.0	6497.0	6515.0	6499.0	6477.0	6492.0	3213.0	0.59	4.4	-4.74	4.38	-0.92	-0.18
6493.0	6494.0	6527.0	6486.0	6472.0	6473.0	3218.0	0.96	7.02	-4.33	4.38	0.48	0.12
6492.0	6495.0	6514.0	6521.0	6464.0	6505.0	3223.0	3.15	8.88	-4.99	4.38	1.55	1.08
6485.0	6492.0	6516.0	6503.0	6477.0	6479.0	3229.0	0.94	19.72	-9.69	4.38	0.23	3.42
6484.0	6496.0	6518.0	6507.0	6475.0	6480.0	3234.0	-2.32	19.25	-1.32	4.28	-0.97	2.34
6489.0	6491.0	6508.0	6493.0	6477.0	6457.0	3239.0	-2.1	16.35	4.87	2.83	-0.73	1.46
6488.0	6481.0	6512.0	5290.0	3793.0	3775.0	3245.0	-1.81	4.3	8.96	-1.17	-1.03	0.67
3930.0	4495.0	5759.0	6490.0	6477.0	6482.0	3250.0	-4.46	5.15	-6.79	-2.56	-1.09	-0.3
6494.0	6447.0	6474.0	6447.0	6429.0	6613.0	3255.0	1.31	11.38	-9.31	-2.64	0.08	0.24
6500.0	6497.0	6512.0	6506.0	6465.0	6484.0	3260.0	1.47	8.13	-7.92	-0.82	-0.44	0.26
6498.0	6500.0	6511.0	6462.0	6510.0	6480.0	3265.0	0.92	6.9	-7.59	-0.22	-0.37	0.33
6495.0	6500.0	6512.0	6509.0	6478.0	6493.0	3271.0	1.17	6.2	-7.38	0.02	-0.2	0.43
6494.0	6498.0	6511.0	6517.0	6479.0	6511.0	3276.0	1.47	5.99	-7.36	-0.03	-0.15	0.47
6495.0	6497.0	6512.0	6526.0	6484.0	6500.0	3281.0	1.26	5.96	-7.39	-0.06	-0.23	0.4
6495.0	6499.0	6512.0	4538.0	4282.0	6495.0	3286.0	1.18	6.19	-7.19	-0.06	-0.21	0.4
5163.0	4378.0	5177.0	4235.0	4210.0	4125.0	3292.0	1.65	6.11	-7.2	-0.06	-0.18	0.42
4192.0	4406.0	4238.0	4176.0	4487.0	4758.0	3297.0	1.66	6.3	-7.14	-0.06	-0.19	0.41
4428.0	4272.0	4285.0	4301.0	4281.0	4351.0	3302.0	1.59	6.12	-7.13	-0.09	-0.19	0.4
6493.0	4992.0	3651.0	5477.0	4617.0	3799.0	3307.0	1.63	6.24	-7.06	-0.19	-0.17	0.38
6332.0	4498.0	3371.0	3277.0	3246.0	3203.0	3313.0	1.93	6.34	-7.11	-0.4	-0.1	0.4
3247.0	3531.0	3211.0	3251.0	3307.0	3167.0	3318.0	1.66	6.37	-7.18	-0.64	-0.01	0.42
3192.0	3396.0	3218.0	3338.0	3347.0	3180.0	3323.0	2.38	5.92	-8.12	-1.67	0.25	0.41
3188.0	3210.0	3213.0	3339.0	3256.0	3161.0	3328.0	3.04	7.41	-8.26	-3.55	0.29	0.0
3158.0	3190.0	3217.0	3238.0	3208.0	3197.0	3334.0	2.61	9.96	-8.13	-4.35	0.33	-0.27
3261.0	3771.0	6507.0	6480.0	6474.0	6467.0	3339.0	3.26	13.68	-6.63	-4.35	0.32	-0.54
6485.0	6493.0	6508.0	6491.0	6471.0	6471.0	3344.0	3.56	15.87	-15.41	-1.67	0.22	-1.38
6485.0	6489.0	6514.0	6500.0	5640.0	4217.0	3349.0	2.23	1.84	-6.55	2.27	-0.51	-1.67
4202.0	4265.0	4126.0	4159.0	3939.0	3342.0	3355.0	0.0	5.42	-6.83	3.4	-0.45	-0.56
3312.0	3313.0	3340.0	3326.0	3911.0	4013.0	3360.0	-0.01	6.82	-6.04	4.38	0.53	0.04
4003.0	4009.0	3460.0	3287.0	3335.0	5898.0	3365.0	0.73	9.99	-5.94	4.38	1.42	-0.16
6485.0	6495.0	6517.0	6494.0	6479.0	6487.0	3370.0	1.32	15.66	-9.34	4.18	1.81	1.82
6488.0	6489.0	6516.0	6489.0	6455.0	6466.0	3376.0	2.18	19.94	-5.08	3.3	0.06	2.33
6489.0	6489.0	6512.0	6502.0	6480.0	6486.0	3381.0	-2.92	18.13	5.91	2.96	-1.84	2.54
6489.0	6486.0	5737.0	3955.0	3824.0	6484.0	3386.0	-1.53	2.85	4.13	-1.03	-0.73	1.41
6485.0	6488.0	5966.0	6498.0	6458.0	6518.0	3391.0	-2.45	6.83	-9.04	-2.23	0.19	0.07
6493.0	6501.0	6515.0	6508.0	6471.0	6477.0	3396.0	2.98	10.03	-9.01	-1.36	0.14	0.5
6530.0	6509.0	6509.0	6507.0	6487.0	6508.0	3402.0	2.11	6.96	-7.63	-0.58	-0.16	0.5
6603.0	6510.0	6498.0	6476.0	6456.0	6483.0	3407.0	1.74	6.28	-7.59	-0.07	-0.27	0.43
6495.0	6532.0	6495.0	6489.0	6462.0	6471.0	3412.0	1.7	5.77	-7.41	0.06	-0.32	0.36
6682.0	6497.0	6507.0	4521.0	4034.0	4019.0	3418.0	1.73	5.51	-7.53	-0.03	-0.35	0.32
4057.0	3660.0	3445.0	3524.0	3472.0	4123.0	3423.0	1.44	6.01	-7.35	-0.19	-0.29	0.34
4272.0	4130.0	4112.0	4012.0	4207.0	4410.0	3428.0	1.95	6.0	-7.26	-0.17	-0.22	0.39
5141.0	4436.0	5629.0	6458.0	6428.0	4411.0	3433.0	1.87	6.12	-7.23	-0.09	-0.23	0.37
4768.0	4102.0	3640.0	4114.0	6455.0	3471.0	3439.0	1.83	6.13	-7.16	-0.06	-0.23	0.36
3546.0	4693.0	3380.0	3678.0	6445.0	6455.0	3444.0	1.76	5.92	-7.27	-0.12	-0.19	0.37
3800.0	3607.0	3249.0	3231.0	3270.0	3207.0	3449.0	1.9	6.23	-7.22	-0.45	-0.07	0.44
3247.0	3543.0	3208.0	3270.0	3328.0	3171.0	3454.0	2.55	6.13	-7.29	-0.85	0.05	0.47
3160.0	3390.0	3209.0	3318.0	3411.0	3165.0	3459.0	2.58	5.61	-8.09	-1.67	0.17	0.35
3195.0	3203.0	3213.0	3305.0	3255.0	3169.0	3465.0	3.21	7.73	-9.25	-3.73	0.38	-0.06
3178.0	3180.0	3208.0	3222.0	3203.0	3186.0	3470.0	3.17	10.79	-9.28	-4.35	0.51	-0.3
3234.0	6500.0	6511.0	6483.0	6492.0	6495.0	3475.0	3.65	12.51	-7.15	-4.35	0.2	-0.66
6481.0	6489.0	6514.0	6507.0	6465.0	6481.0	3480.0	3.85	8.37	-14.85	0.1	-0.22	-0.99
6486.0	6486.0	6520.0	6514.0	6480.0	6479.0	3486.0	1.88	1.92	-6.6	2.71	-1.23	-1.29
6493.0	6497.0	6519.0	6350.0	4052.0	4062.0	3491.0	1.34	5.07	-7.25	4.35	-0.86	-0.36
3997.0	4180.0	4230.0	4226.0	4186.0	4198.0	3496.0	0.23	7.51	-7.27	4.38	-0.18	0.51
4218.0	3879.0	4138.0	4095.0	3566.0	5634.0	3501.0	-0.64	13.72	-9.05	4.38	0.85	0.79
6485.0	6495.0	6516.0	6508.0	6489.0	6470.0	3507.0	5.25	22.02	-7.12	4.38	-0.37	1.59
6488.0	6494.0	6514.0	6497.0	6470.0	6488.0	3512.0	-2.19	24.04	7.99	2.99	-1.24	2.32
6492.0	6488.0	6514.0	6498.0	4640.0	4483.0	3517.0	-3.3	8.58	20.39	-0.97	-0.62	0.91
5885.0	6480.0	4638.0	5870.0	6459.0	6792.0	3522.0	4.85	15.07	-10.65	-2.53	0.71	0.21
6476.0	6467.0	6481.0	6477.0	6439.0	6832.0	3528.0	4.13	8.81	-8.27	-0.76	-0.13	0.34
6503.0	6475.0	6482.0	6314.0	4196.0	4193.0	3533.0	2.48	6.49	-7.19	-0.15	-0.87	-0.06
4495.0	4050.0	4013.0	3984.0	3944.0	4509.0	3538.0	1.3	5.8	-7.48	0.09	-0.85	-0.04
4117.0	4124.0	3810.0	3439.0	3408.0	3905.0	3543.0	0.76	5.68	-7.62	-0.01	-0.23	0.36
3698.0	3568.0	3471.0	3387.0	3346.0	3579.0	3549.0	2.05	6.2	-7.48	-0.15	0.03	0.55
3511.0	3483.0	4030.0	4076.0	4049.0	3489.0	3554.0	1.64	6.04	-7.36	-0.17	-0.01	0.5
3488.0	3516.0	5982.0	4222.0	3273.0	3259.0	3559.0	1.88	6.2	-7.06	-0.12	-0.16	0.4
3333.0	3327.0	3232.0	3228.0	3187.0	3228.0	3564.0	1.67	6.08	-7.14	-0.05	-0.13	0.43
3297.0	3352.0	3229.0	3227.0	3197.0	3210.0	3569.0	1.99	6.11	-7.1	-0.11	-0.1	0.45
3312.0	3390.0	3207.0	3210.0	3218.0	3184.0	3575.0	2.06	6.03	-7.23	-0.32	-0.02	0.43
3247.0	3400.0	3215.0	3255.0	3238.0	3174.0	3580.0	2.37	6.16	-7.17	-0.61	0.04	0.41
3172.0	3321.0	3228.0	3288.0	3272.0	3182.0	3585.0	2.5	5.91	-7.6	-1.39	0.18	0.34
3568.0	3224.0	3226.0	3316.0	3288.0	3186.0	3591.0	3.53	6.65	-8.27	-2.88	0.09	-0.02
3156.0	3194.0	3210.0	3267.0	3229.0	3164.0	3596.0	4.75	9.39	-8.98	-4.03	-0.29	-0.64
3159.0	3198.0	5866.0	6493.0	5424.0	6473.0	3601.0	6.19	13.19	-8.0	-4.35	0.45	-1.36
6027.0	6488.0	6509.0	6504.0	6460.0	3813.0	3606.0	5.54	10.31	-11.56	-4.05	-0.04	-1.74
4104.0	3720.0	3688.0	3634.0	3629.0	3641.0	3612.0	6.0	3.43	-10.42	1.26	-0.56	-0.57
3993.0	5879.0	6517.0	6521.0	6455.0	6492.0	3617.0	0.57	3.66	-6.51	2.83	-0.51	0.11
6490.0	6492.0	6514.0	6495.0	6479.0	6482.0	3622.0	1.27	6.86	-8.29	4.25	0.2	0.59
6492.0	6500.0	6514.0	6519.0	6463.0	6494.0	3627.0	-1.58	8.02	-7.3	4.38	0.98	0.51
4409.0	4036.0	6406.0	4988.0	5546.0	6491.0	3632.0	2.2	16.22	-11.33	4.38	1.65	1.66
