3199.0	3183.0	3206.0	3208.0	3186.0	3246.0	1441.0	2.48	9.74	-3.02	3.01	-0.59	0.16
3209.0	3182.0	3269.0	3292.0	3164.0	3184.0	1446.0	1.66	10.2	-2.9	2.66	-0.87	1.29
3171.0	3168.0	3209.0	3192.0	3171.0	3186.0	1451.0	1.09	10.44	-4.01	2.17	-0.65	1.53
3468.0	3173.0	3199.0	3193.0	3157.0	3180.0	1457.0	1.12	8.22	-5.93	1.55	-0.51	1.17
3190.0	3167.0	3203.0	3199.0	3168.0	3184.0	1462.0	1.48	7.76	-7.04	1.42	-0.3	0.57
3166.0	3173.0	3204.0	3197.0	3191.0	3179.0	1467.0	2.2	8.28	-5.69	1.19	0.1	-0.06
3421.0	3170.0	3199.0	3200.0	3154.0	3181.0	1472.0	1.61	7.79	-4.83	0.7	0.24	0.04
3188.0	3175.0	3200.0	3199.0	3177.0	3240.0	1478.0	-0.7	8.08	-2.11	-0.17	-0.19	-0.59
3197.0	3214.0	3232.0	3234.0	3220.0	3192.0	1483.0	0.08	10.73	-6.91	-0.4	-0.09	-0.21
3438.0	3198.0	3316.0	3324.0	3196.0	3201.0	1488.0	2.46	6.54	-7.32	0.03	0.22	0.15
3225.0	3239.0	3243.0	3219.0	3202.0	3235.0	1493.0	1.72	6.65	-7.12	0.01	0.05	0.06
3210.0	3238.0	3252.0	3279.0	3203.0	3244.0	1499.0	1.27	6.45	-7.07	0.15	-0.04	-0.03
3462.0	3287.0	3318.0	3322.0	3214.0	3287.0	1504.0	1.19	6.34	-7.2	0.17	0.0	0.01
3317.0	3228.0	3220.0	3204.0	3175.0	3320.0	1509.0	1.44	6.2	-7.15	0.19	-0.03	0.01
3309.0	3220.0	3215.0	3222.0	3165.0	3433.0	1515.0	1.0	6.14	-7.39	0.18	-0.01	0.06
3780.0	3398.0	3214.0	3206.0	3189.0	3573.0	1520.0	1.24	5.84	-7.52	0.1	0.11	0.15
3432.0	3277.0	3263.0	3278.0	3264.0	3679.0	1525.0	1.79	5.92	-7.37	-0.02	0.18	0.17
3498.0	3356.0	3339.0	3441.0	3599.0	3825.0	1531.0	1.66	5.63	-7.19	-0.09	0.03	0.04
3702.0	3447.0	3517.0	3980.0	4236.0	4577.0	1536.0	1.32	6.09	-7.29	-0.16	-0.05	-0.06
3558.0	3434.0	3419.0	3374.0	3330.0	3551.0	1541.0	1.26	6.25	-7.31	-0.15	0.05	0.01
3551.0	3455.0	3392.0	3361.0	3367.0	3585.0	1546.0	1.53	6.18	-7.15	-0.12	0.15	0.08
3937.0	3470.0	3277.0	3258.0	3225.0	3330.0	1552.0	1.53	6.12	-7.18	-0.13	0.17	0.09
3455.0	3389.0	3214.0	3200.0	3175.0	3220.0	1557.0	1.88	6.05	-7.19	-0.25	0.24	0.11
3396.0	3454.0	3234.0	3210.0	3179.0	3191.0	1562.0	2.04	6.28	-7.11	-0.46	0.27	0.09
3496.0	3525.0	3223.0	3246.0	3333.0	3250.0	1568.0	1.95	6.23	-7.26	-0.68	0.31	0.08
3263.0	3518.0	3252.0	3253.0	3325.0	3218.0	1573.0	2.16	5.55	-8.22	-1.6	0.56	-0.0
3202.0	3270.0	3251.0	3334.0	3233.0	3242.0	1578.0	2.97	8.27	-9.19	-3.48	0.56	-0.26
3429.0	3261.0	3319.0	3366.0	3307.0	3333.0	1584.0	2.51	9.55	-8.19	-4.41	0.61	-0.39
3338.0	3194.0	3217.0	3214.0	3207.0	3225.0	1589.0	3.63	12.76	-6.4	-4.41	-0.17	-0.87
3317.0	3230.0	3239.0	3251.0	3309.0	6554.0	1594.0	3.94	8.21	-11.48	-4.41	0.21	-0.9
4813.0	3617.0	3635.0	4090.0	4095.0	4106.0	1599.0	1.63	2.63	-6.82	1.95	-0.94	-1.7
4122.0	4104.0	3799.0	3548.0	3723.0	3799.0	1605.0	2.49	6.5	-5.92	3.56	-0.42	-1.18
3842.0	3880.0	3856.0	3809.0	3756.0	3866.0	1610.0	2.5	7.14	-5.22	4.32	-0.31	-0.52
4057.0	3926.0	4035.0	4273.0	3779.0	4147.0	1615.0	2.83	10.93	-7.07	4.32	0.02	0.14
6484.0	3918.0	4021.0	3780.0	4411.0	6470.0	1620.0	1.41	13.06	-8.23	4.32	0.07	0.91
6486.0	6489.0	6514.0	6544.0	6549.0	6558.0	1626.0	1.16	15.09	-8.34	3.88	0.27	1.13
6487.0	6501.0	6516.0	6505.0	6472.0	6475.0	1631.0	-1.7	15.17	-2.27	3.67	0.52	1.14
6493.0	6502.0	6516.0	6502.0	6484.0	6487.0	1636.0	-3.52	13.56	6.45	1.12	0.01	0.27
6492.0	6494.0	6519.0	6562.0	6553.0	5356.0	1641.0	0.99	4.8	2.62	-0.9	0.26	-0.19
5476.0	6491.0	6248.0	6512.0	6475.0	6496.0	1647.0	0.37	9.38	-10.04	-2.73	0.43	-0.38
6476.0	6464.0	6477.0	6467.0	6423.0	7021.0	1652.0	3.57	8.93	-9.12	-1.78	0.7	0.05
6461.0	6444.0	6494.0	6507.0	6485.0	7168.0	1657.0	2.33	7.71	-8.33	-1.03	0.16	0.01
6518.0	6445.0	6445.0	6447.0	6412.0	7123.0	1663.0	0.66	6.73	-7.79	-0.29	-0.17	-0.11
6506.0	6444.0	6443.0	6427.0	6404.0	7209.0	1668.0	1.41	6.27	-7.59	-0.08	-0.06	-0.06
6494.0	6449.0	6444.0	6283.0	4181.0	6421.0	1673.0	1.34	5.39	-7.49	-0.03	-0.06	-0.06
3619.0	3394.0	3388.0	3389.0	3395.0	4309.0	1679.0	0.9	6.1	-7.42	-0.16	-0.05	-0.07
5323.0	6469.0	6465.0	6448.0	6415.0	6951.0	1684.0	0.79	5.95	-7.4	-0.04	0.03	-0.03
6523.0	6466.0	6469.0	6459.0	6514.0	6917.0	1689.0	0.98	5.48	-7.47	-0.07	0.15	0.04
6563.0	4877.0	5903.0	4216.0	3442.0	3485.0	1695.0	1.49	5.94	-7.74	-0.28	0.26	0.09
3479.0	3389.0	3297.0	3751.0	3669.0	3800.0	1700.0	1.08	6.08	-7.52	-0.5	0.32	0.12
3841.0	3765.0	3258.0	3249.0	3252.0	3227.0	1705.0	1.79	6.34	-7.33	-0.71	0.46	0.15
3343.0	3527.0	3245.0	3247.0	3267.0	3205.0	1710.0	2.99	5.57	-8.69	-1.6	0.72	0.02
3196.0	3280.0	3232.0	3259.0	3230.0	3199.0	1716.0	2.72	6.37	-9.41	-3.26	0.72	-0.31
3206.0	3234.0	3272.0	3299.0	3329.0	3429.0	1721.0	3.91	11.0	-10.89	-4.41	0.6	-0.95
3452.0	4757.0	3403.0	3472.0	3220.0	3285.0	1726.0	4.26	11.1	-7.18	-4.41	-0.09	-1.99
3265.0	3242.0	4126.0	4053.0	3707.0	3322.0	1731.0	4.62	13.14	-16.27	-2.6	-0.77	-1.65
3600.0	3711.0	4085.0	3534.0	3371.0	3422.0	1737.0	1.5	3.27	-7.31	2.39	-1.04	-0.63
4393.0	3778.0	3695.0	3701.0	3548.0	3585.0	1742.0	0.06	3.98	-6.66	3.95	-0.54	-0.47
3565.0	3563.0	3593.0	3640.0	3732.0	3703.0	1747.0	-0.73	8.12	-7.66	4.32	0.85	-0.21
3655.0	3515.0	3410.0	3320.0	3304.0	3500.0	1752.0	-0.23	12.38	-9.7	4.32	1.47	0.38
3439.0	3641.0	6468.0	6503.0	6474.0	6476.0	1758.0	0.97	16.77	-10.44	4.32	1.08	1.56
6490.0	6498.0	6510.0	6498.0	6474.0	6483.0	1763.0	-2.46	20.09	-1.09	4.17	-0.4	1.76
6492.0	6493.0	6523.0	6576.0	6553.0	6549.0	1768.0	-2.43	15.52	10.66	1.61	-0.69	0.7
6492.0	6492.0	6518.0	6511.0	6052.0	6496.0	1774.0	4.11	2.63	-4.51	-1.89	0.63	0.8
6093.0	6177.0	4433.0	4444.0	4138.0	4618.0	1779.0	0.21	12.35	-11.33	-2.99	0.2	-0.55
5955.0	6442.0	6453.0	6455.0	6530.0	6552.0	1784.0	1.66	11.32	-9.29	-1.94	0.12	-0.24
6490.0	6502.0	6515.0	6466.0	6408.0	7111.0	1790.0	1.15	7.16	-7.82	-0.41	0.11	0.09
6522.0	6458.0	6447.0	6449.0	6412.0	7024.0	1795.0	1.52	5.85	-7.3	-0.13	0.15	0.16
6521.0	6470.0	6455.0	6464.0	6549.0	6554.0	1800.0	0.79	5.19	-7.48	-0.21	0.1	0.1
6499.0	6502.0	6518.0	6453.0	6455.0	6657.0	1805.0	1.47	6.4	-7.36	-0.3	0.15	0.07
6604.0	6561.0	6489.0	4789.0	4523.0	4269.0	1811.0	1.83	6.23	-7.25	-0.19	0.2	0.1
4350.0	4415.0	5740.0	6479.0	6446.0	6124.0	1816.0	1.49	6.36	-7.01	-0.16	0.15	0.08
6086.0	6663.0	6485.0	6465.0	6348.0	5332.0	1821.0	1.71	6.22	-7.16	-0.17	0.17	0.07
3863.0	3649.0	3290.0	3288.0	3377.0	3273.0	1826.0	1.61	6.17	-7.18	-0.32	0.24	0.07
3464.0	3656.0	3472.0	3349.0	3276.0	3180.0	1832.0	2.06	6.25	-7.26	-0.54	0.33	0.11
3302.0	3560.0	3251.0	3328.0	3458.0	3209.0	1837.0	2.04	6.14	-7.65	-1.17	0.5	0.09
3224.0	3330.0	3234.0	3320.0	3351.0	3196.0	1842.0	2.86	5.94	-8.36	-2.27	0.65	-0.03
3190.0	3250.0	3238.0	3308.0	3243.0	3194.0	1847.0	2.46	9.27	-9.82	-4.38	0.44	-0.66
3253.0	3188.0	3231.0	3222.0	3198.0	3190.0	1853.0	4.74	13.34	-8.67	-4.41	0.18	-1.41
3208.0	3253.0	3289.0	3300.0	3304.0	4246.0	1858.0	4.83	8.11	-8.61	-4.41	0.72	-1.51
3996.0	3796.0	3336.0	3326.0	3833.0	4076.0	1863.0	2.15	1.11	-8.89	1.71	-0.61	-1.67
4165.0	4069.0	4092.0	4092.0	3526.0	3318.0	1869.0	1.25	4.35	-7.37	3.42	0.04	-0.53
3283.0	3287.0	3323.0	3315.0	3290.0	3805.0	1874.0	-0.1	6.07	-6.83	4.32	0.36	0.26
3647.0	3395.0	3432.0	3407.0	3344.0	3318.0	1879.0	-0.63	10.68	-7.83	4.32	0.91	0.36
3331.0	3440.0	3702.0	4247.0	6471.0	6475.0	1884.0	0.05	18.62	-10.26	4.32	0.41	1.69
6483.0	6499.0	6519.0	6504.0	6480.0	6481.0	1890.0	0.37	19.66	-1.46	4.32	-0.71	1.79
6493.0	6495.0	6516.0	6505.0	6480.0	6477.0	1895.0	-1.93	16.01	7.74	2.19	-0.18	0.06
6490.0	6491.0	6514.0	6507.0	6475.0	6524.0	1900.0	0.13	11.97	12.35	-0.95	0.21	-0.34
6487.0	6488.0	6508.0	6505.0	6481.0	6346.0	1905.0	0.0	13.17	-10.75	-2.62	0.52	-0.08
4053.0	4472.0	4598.0	4624.0	4568.0	4795.0	1911.0	2.15	7.6	-8.07	-0.88	0.25	0.12
4731.0	4706.0	4921.0	4541.0	4566.0	4453.0	1916.0	1.77	7.12	-7.68	-0.46	0.03	0.05
4449.0	4423.0	4440.0	4437.0	4410.0	4461.0	1921.0	1.26	6.18	-7.49	-0.04	0.01	0.03
4795.0	4828.0	5207.0	6521.0	6533.0	6554.0	1926.0	1.35	5.81	-7.48	-0.01	-0.04	-0.03
6307.0	5657.0	6185.0	6516.0	4763.0	5642.0	1932.0	1.08	5.95	-7.41	-0.1	-0.06	-0.06
6027.0	4796.0	4927.0	5496.0	6453.0	6699.0	1937.0	1.2	6.13	-7.36	-0.09	0.06	0.01
6620.0	6533.0	4232.0	3859.0	6518.0	6697.0	1942.0	1.48	5.97	-7.3	-0.04	0.06	-0.01
3982.0	6017.0	5258.0	3875.0	3682.0	5010.0	1947.0	1.07	5.91	-7.43	-0.13	0.05	-0.07
4887.0	3769.0	4412.0	3784.0	3683.0	3854.0	1953.0	1.12	6.05	-7.45	-0.45	0.22	-0.01
3810.0	3940.0	3584.0	3436.0	3277.0	3242.0	1958.0	1.21	6.27	-7.48	-0.77	0.34	0.02
3656.0	3905.0	3750.0	3809.0	3457.0	3236.0	1963.0	1.58	5.76	-8.48	-1.7	0.68	0.03
3226.0	3246.0	3243.0	3344.0	3231.0	3186.0	1969.0	2.98	6.81	-9.06	-3.69	0.57	-0.19
3180.0	3205.0	3241.0	3289.0	3236.0	3223.0	1974.0	2.39	9.48	-10.38	-4.41	0.47	-0.7
3330.0	3271.0	3249.0	3253.0	3220.0	3399.0	1979.0	4.12	16.59	-8.32	-4.41	0.47	-1.28
6311.0	4418.0	3688.0	5681.0	5957.0	6479.0	1984.0	3.9	18.63	-15.05	-4.31	0.99	-1.64
4673.0	4021.0	4252.0	5398.0	6476.0	6484.0	1990.0	3.32	1.4	-6.78	2.37	-0.89	-1.74
6490.0	6499.0	6512.0	6500.0	6469.0	6475.0	1995.0	1.85	5.1	-6.72	3.98	-0.29	-0.29
6493.0	6496.0	6518.0	3707.0	3619.0	3539.0	2000.0	0.76	6.19	-6.12	4.32	0.14	0.35
3449.0	3446.0	3488.0	3476.0	3523.0	3547.0	2005.0	0.16	10.32	-8.33	4.32	0.84	0.74
3803.0	6119.0	6517.0	6501.0	6475.0	6474.0	2011.0	2.05	17.83	-10.11	4.3	0.78	2.0
6487.0	6497.0	6518.0	6500.0	6480.0	6474.0	2016.0	-1.87	27.34	-3.22	3.87	-0.55	2.12
6492.0	6494.0	6519.0	6499.0	6471.0	6484.0	2021.0	-0.91	17.41	11.42	2.91	-0.75	0.74
6488.0	6492.0	5953.0	6498.0	6469.0	6484.0	2026.0	0.94	9.93	13.2	-0.84	0.03	0.7
4450.0	5438.0	4417.0	4347.0	4214.0	4046.0	2032.0	-2.35	12.67	-10.85	-2.89	0.36	-0.42
3946.0	3957.0	3985.0	3953.0	4027.0	4488.0	2037.0	2.59	9.43	-8.72	-1.26	0.02	-0.16
4516.0	4516.0	4569.0	4527.0	4479.0	4509.0	2042.0	0.61	7.4	-7.91	-0.43	-0.25	-0.17
4155.0	4042.0	4042.0	4013.0	4315.0	4428.0	2047.0	1.35	5.89	-7.51	-0.08	-0.01	0.01
4388.0	4167.0	4139.0	4180.0	4108.0	4328.0	2052.0	0.65	5.56	-7.54	-0.11	-0.07	-0.05
5347.0	6503.0	4884.0	6515.0	6438.0	6752.0	2058.0	0.74	5.96	-7.36	-0.16	0.11	0.05
6580.0	6515.0	6411.0	3979.0	5351.0	4522.0	2063.0	1.37	6.02	-7.47	-0.15	0.22	0.1
6598.0	6464.0	6486.0	6499.0	6483.0	6494.0	2068.0	1.32	6.08	-7.3	-0.14	0.11	0.0
4704.0	4793.0	4436.0	4053.0	4059.0	4131.0	2074.0	1.14	5.96	-7.47	-0.21	0.15	-0.03
4336.0	4052.0	4147.0	4168.0	4396.0	4191.0	2079.0	0.83	5.94	-7.6	-0.54	0.32	0.04
3359.0	3543.0	3401.0	3475.0	3332.0	3491.0	2084.0	0.32	5.51	-8.06	-1.09	0.58	0.16
3421.0	3347.0	3320.0	3384.0	3353.0	3312.0	2089.0	2.74	5.81	-10.64	-3.86	0.78	-0.26
3263.0	3287.0	3332.0	3383.0	3497.0	4305.0	2094.0	2.47	10.25	-10.63	-4.41	0.58	-1.06
6477.0	5355.0	6506.0	6493.0	5815.0	6196.0	2100.0	4.03	13.37	-9.18	-4.41	0.43	-1.97
5286.0	3947.0	4372.0	6503.0	6471.0	6472.0	2105.0	5.14	4.6	-13.25	-0.18	0.13	-1.91
6486.0	6500.0	6518.0	6512.0	6486.0	6492.0	2110.0	2.88	0.73	-6.56	1.98	-0.72	-1.26
6495.0	6499.0	6511.0	6508.0	6464.0	6484.0	2115.0	1.35	5.5	-7.31	3.85	-0.42	0.53
3643.0	3597.0	3938.0	4004.0	4044.0	5901.0	2121.0	-0.53	9.37	-7.61	4.32	0.18	0.65
6493.0	6491.0	6512.0	6512.0	6470.0	6472.0	2126.0	0.05	11.4	-9.52	4.32	0.39	0.7
5062.0	4027.0	3981.0	6405.0	6477.0	6475.0	2131.0	0.41	19.85	-9.83	4.32	0.66	1.55
6486.0	6504.0	6513.0	6510.0	6479.0	6486.0	2137.0	-1.99	23.1	-1.85	4.32	0.23	1.61
6494.0	6497.0	6518.0	6513.0	6471.0	6473.0	2142.0	-2.73	19.44	13.58	1.96	-0.17	0.34
6487.0	6497.0	6514.0	6518.0	6471.0	6486.0	2147.0	1.48	3.14	-13.7	-2.2	-0.58	-0.37
6492.0	6491.0	6515.0	6515.0	6457.0	6863.0	2152.0	-3.82	14.1	-10.61	-3.39	0.43	-0.25
6514.0	6479.0	6458.0	6499.0	6468.0	6494.0	2158.0	2.43	11.67	-9.16	-1.91	0.06	-0.16
6498.0	6503.0	6515.0	6515.0	6477.0	6489.0	2163.0	1.56	6.35	-7.58	-0.38	-0.02	0.02
6495.0	6503.0	6516.0	6513.0	6478.0	6487.0	2168.0	1.81	5.94	-7.54	-0.25	-0.02	-0.01
6496.0	6501.0	6514.0	6515.0	6472.0	6163.0	2173.0	1.07	5.96	-7.42	-0.11	-0.09	-0.09
4554.0	3802.0	3445.0	3342.0	3312.0	3535.0	2179.0	1.19	6.04	-7.36	-0.16	-0.05	-0.07
3488.0	3407.0	3393.0	3301.0	4856.0	5376.0	2184.0	1.11	6.05	-7.28	-0.21	0.01	-0.06
3365.0	4749.0	5456.0	3319.0	3701.0	4173.0	2189.0	0.93	6.21	-7.37	-0.35	0.11	-0.05
4797.0	4235.0	4082.0	3714.0	3281.0	3264.0	2194.0	1.2	6.34	-7.21	-0.48	0.18	-0.03
3312.0	3367.0	3306.0	4001.0	3966.0	4013.0	2200.0	1.04	6.37	-7.38	-0.74	0.27	-0.06
3211.0	3304.0	3408.0	3380.0	3300.0	3238.0	2205.0	1.37	6.43	-7.94	-1.68	0.49	0.06
3213.0	3242.0	3383.0	3349.0	3256.0	3207.0	2210.0	2.4	6.46	-8.88	-2.79	0.5	-0.01
3256.0	3234.0	3336.0	3625.0	3407.0	3378.0	2215.0	0.76	10.51	-10.75	-4.41	0.34	-0.93
3242.0	3375.0	3717.0	3633.0	3311.0	3527.0	2221.0	4.78	16.12	-10.1	-4.41	0.35	-1.57
3187.0	3212.0	3603.0	3410.0	4227.0	6469.0	2226.0	0.37	20.67	-14.98	-4.41	0.63	-1.8
6485.0	6497.0	6509.0	6496.0	6479.0	6491.0	2231.0	2.84	1.68	-6.92	2.47	-0.51	-2.12
6497.0	6502.0	6513.0	6505.0	6476.0	6486.0	2236.0	1.79	3.01	-5.63	3.68	-0.56	-1.06
6494.0	6491.0	6517.0	6499.0	6464.0	6478.0	2242.0	1.54	6.68	-5.78	4.32	0.03	0.42
6494.0	6497.0	6514.0	6503.0	6474.0	6491.0	2247.0	1.26	11.52	-8.64	4.32	0.49	1.05
6487.0	6487.0	6514.0	6510.0	6487.0	6479.0	2252.0	0.91	16.5	-11.02	4.32	0.62	1.83
6481.0	6501.0	6514.0	6505.0	6480.0	6486.0	2257.0	1.47	26.87	-6.11	4.32	0.25	2.44
6494.0	6502.0	6516.0	6514.0	6478.0	6474.0	2263.0	1.47	22.04	5.94	4.32	1.17	3.25
6491.0	6199.0	3352.0	3264.0	3218.0	3348.0	2268.0	2.94	5.8	2.55	-0.47	0.62	0.98
6484.0	4811.0	5741.0	6435.0	6483.0	4894.0	2273.0	-6.85	14.46	-11.0	-3.27	0.12	-0.45
5989.0	6456.0	6446.0	6442.0	6404.0	7099.0	2278.0	4.94	12.14	-10.09	-2.9	0.91	-0.48
6479.0	6502.0	6345.0	4089.0	4213.0	6280.0	2284.0	1.04	8.32	-8.26	-0.83	-0.31	-0.27
6541.0	6483.0	6437.0	6436.0	6419.0	7064.0	2289.0	1.43	6.22	-7.5	-0.12	-0.09	-0.02
4495.0	4283.0	4292.0	4247.0	4105.0	4680.0	2294.0	1.02	5.71	-7.49	-0.09	-0.11	-0.07
4289.0	3948.0	3642.0	4427.0	4672.0	5218.0	2299.0	1.23	5.98	-7.4	-0.14	-0.07	-0.06
6565.0	6499.0	6474.0	6460.0	6453.0	6681.0	2305.0	0.84	6.03	-7.36	-0.1	0.0	-0.03
6576.0	6148.0	4450.0	3591.0	3444.0	3636.0	2310.0	1.1	6.0	-7.34	-0.09	0.12	0.02
3415.0	3364.0	3246.0	3220.0	3185.0	3239.0	2315.0	0.78	5.89	-7.43	-0.22	0.2	0.01
3330.0	3372.0	3221.0	3202.0	3187.0	3210.0	2320.0	1.12	6.06	-7.49	-0.41	0.35	0.11
3393.0	3491.0	3330.0	3297.0	3253.0	3220.0	2326.0	1.51	6.33	-7.48	-0.83	0.48	0.14
3226.0	3431.0	3289.0	3400.0	3358.0	3217.0	2331.0	3.21	5.57	-9.17	-2.22	0.77	0.05
3217.0	3251.0	3274.0	3325.0	3245.0	3219.0	2336.0	3.97	6.44	-11.0	-4.02	0.52	-0.49
3372.0	3258.0	3296.0	3278.0	3771.0	5328.0	2342.0	4.01	11.92	-10.77	-4.41	0.42	-1.21
3774.0	3514.0	3681.0	3639.0	3786.0	4088.0	2347.0	4.12	12.17	-9.31	-4.41	-0.46	-2.01
3679.0	6077.0	5438.0	6500.0	6475.0	6468.0	2352.0	3.74	6.06	-13.3	0.27	-0.08	-1.76
6489.0	6500.0	6516.0	6506.0	6473.0	6482.0	2357.0	1.53	2.71	-6.11	3.14	-0.35	-0.67
6499.0	6491.0	6515.0	6495.0	6467.0	6480.0	2363.0	0.43	4.92	-6.77	4.32	0.17	0.31
6493.0	5655.0	4247.0	4060.0	3847.0	3884.0	2368.0	-2.01	8.67	-7.25	4.32	0.87	0.25
5225.0	6488.0	6517.0	3945.0	4801.0	6481.0	2373.0	-1.64	14.85	-10.68	4.32	1.66	0.94
6483.0	6495.0	6094.0	6105.0	6477.0	6474.0	2378.0	-2.49	19.57	-9.41	4.23	1.31	0.86
6489.0	6498.0	6508.0	6511.0	6475.0	6492.0	2383.0	-3.54	20.29	2.73	4.11	0.95	1.12
6489.0	6498.0	6512.0	6505.0	6476.0	6475.0	2389.0	-4.54	17.55	12.99	2.31	-0.18	0.19
6483.0	6495.0	5204.0	6362.0	4762.0	4714.0	2394.0	0.33	5.16	-11.27	-2.99	-0.79	-0.75
4617.0	4419.0	4596.0	6504.0	5157.0	6492.0	2399.0	0.95	12.46	-10.16	-3.16	0.31	-0.6
6550.0	6513.0	6509.0	6506.0	6476.0	6494.0	2405.0	1.96	11.66	-9.09	-1.5	-0.17	-0.35
6495.0	6500.0	6515.0	6511.0	6478.0	6492.0	2410.0	1.66	6.29	-7.39	-0.32	0.17	0.16
6497.0	6501.0	6515.0	6513.0	6482.0	6494.0	2415.0	1.13	6.24	-7.28	-0.24	0.02	-0.01
4388.0	4304.0	4331.0	4281.0	4192.0	4202.0	2420.0	0.88	6.28	-7.28	-0.18	0.09	0.02
4124.0	4198.0	4990.0	6508.0	4676.0	4370.0	2426.0	1.22	6.39	-7.17	-0.16	0.09	0.04
4723.0	4165.0	4446.0	6092.0	6459.0	6489.0	2431.0	1.48	6.42	-7.08	-0.09	0.1	0.05
3964.0	4933.0	3987.0	4301.0	4686.0	6147.0	2436.0	1.59	6.15	-7.28	-0.03	0.09	0.03
6549.0	6663.0	6498.0	6447.0	4423.0	3270.0	2441.0	1.42	6.2	-7.22	-0.03	0.08	-0.01
3322.0	3428.0	3228.0	3234.0	3211.0	3200.0	2446.0	1.34	6.11	-7.29	-0.14	0.14	0.01
3371.0	3458.0	3303.0	3289.0	3264.0	3219.0	2452.0	1.73	5.98	-7.45	-0.53	0.33	0.07
3216.0	3394.0	3236.0	3317.0	3284.0	3187.0	2457.0	2.34	5.31	-8.92	-1.86	0.57	-0.13
3176.0	3199.0	3228.0	3273.0	3220.0	3190.0	2462.0	3.62	6.28	-10.65	-3.84	0.66	-0.32
3247.0	3221.0	3238.0	3257.0	3297.0	3276.0	2467.0	4.75	12.01	-8.84	-4.41	0.41	-1.32
3269.0	3460.0	3345.0	3262.0	3233.0	3261.0	2473.0	3.99	10.27	-5.73	-4.41	-0.09	-2.14
3893.0	4500.0	5350.0	4502.0	4624.0	4373.0	2478.0	1.49	9.07	-9.01	-0.7	0.71	-1.83
4169.0	3729.0	3585.0	3739.0	4184.0	4220.0	2483.0	1.34	2.67	-4.35	2.17	0.94	-0.95
4184.0	4179.0	4197.0	3822.0	3467.0	3479.0	2488.0	-1.55	5.61	-5.69	3.06	1.14	-0.37
3465.0	3449.0	3470.0	3462.0	3425.0	3441.0	2494.0	-4.73	7.88	-6.21	4.01	3.13	-0.58
3636.0	3939.0	4259.0	3678.0	4774.0	4957.0	2499.0	-5.42	11.03	-8.24	3.85	3.38	-0.4
5475.0	3722.0	6027.0	6506.0	6467.0	6478.0	2504.0	-6.35	13.05	-8.79	3.75	3.16	-0.25
6489.0	6503.0	6523.0	6500.0	6473.0	6475.0	2509.0	-10.51	12.89	-3.73	3.27	3.86	-1.63
5013.0	4054.0	6330.0	6508.0	6479.0	6480.0	2515.0	-6.81	11.68	-1.28	2.31	3.82	-3.24
6493.0	6501.0	6513.0	6504.0	6467.0	6479.0	2520.0	-0.38	9.25	-1.67	0.53	2.29	-3.27
6489.0	6177.0	5047.0	4469.0	5791.0	6193.0	2525.0	6.17	0.92	-7.09	-0.65	-1.29	-2.26
6498.0	6502.0	6515.0	6464.0	6435.0	6989.0	2530.0	-0.1	9.56	-8.94	-0.83	-1.35	-0.68
6492.0	6502.0	6515.0	6520.0	6482.0	6489.0	2536.0	-0.64	7.25	-8.65	-0.35	-0.53	-0.35
6498.0	6503.0	6517.0	6516.0	6485.0	6482.0	2541.0	0.14	6.39	-8.01	-0.1	-0.14	-0.14
6497.0	6503.0	6516.0	6519.0	6483.0	6490.0	2546.0	0.33	5.86	-7.67	0.01	0.01	-0.03
6494.0	6499.0	6515.0	6507.0	6482.0	6489.0	2551.0	1.21	5.51	-7.48	-0.15	0.03	0.03
6497.0	6502.0	6513.0	6519.0	6479.0	6487.0	2557.0	0.76	5.51	-7.48	-0.24	-0.12	-0.03
6496.0	6504.0	6514.0	6512.0	6485.0	6487.0	2562.0	0.28	6.28	-7.57	-0.15	-0.03	-0.06
6499.0	6503.0	6514.0	6518.0	6477.0	6495.0	2567.0	0.43	5.65	-7.57	-0.08	0.13	0.04
6497.0	6504.0	6514.0	6515.0	6488.0	6493.0	2572.0	0.35	5.63	-7.52	-0.1	0.23	0.13
6496.0	6502.0	6466.0	4281.0	4117.0	4071.0	2578.0	1.16	5.97	-7.5	-0.21	0.37	0.22
4044.0	4036.0	4046.0	4040.0	3993.0	3840.0	2583.0	1.1	6.07	-7.54	-0.34	0.34	0.19
3400.0	3428.0	3253.0	3246.0	3221.0	3191.0	2588.0	1.07	6.28	-7.43	-0.63	0.4	0.23
3342.0	3489.0	3235.0	3257.0	3232.0	3204.0	2593.0	0.82	5.89	-7.84	-1.08	0.73	0.29
3211.0	3429.0	3412.0	3333.0	3362.0	3243.0	2599.0	0.96	4.83	-9.63	-2.29	1.36	0.42
3228.0	3269.0	3258.0	3238.0	3230.0	3536.0	2604.0	3.41	9.77	-10.31	-4.41	2.56	0.24
3516.0	3193.0	3209.0	3214.0	3175.0	3186.0	2609.0	8.02	10.64	-6.45	-2.78	4.37	0.81
3180.0	3203.0	3213.0	3202.0	3163.0	3186.0	2614.0	-0.45	8.78	-12.6	1.06	3.98	-3.37
3231.0	3198.0	3331.0	3347.0	3499.0	3542.0	2620.0	-1.93	0.31	-6.12	3.04	3.4	-2.96
3231.0	3190.0	3224.0	3211.0	3174.0	3220.0	2625.0	-5.25	4.68	-9.3	3.4	3.0	-1.3
3182.0	3194.0	3225.0	3211.0	3170.0	3225.0	2630.0	-8.07	8.96	-10.0	4.32	1.9	-0.52
3452.0	4184.0	4961.0	4333.0	4042.0	6476.0	2635.0	-5.96	10.88	-9.44	4.32	1.3	-1.52
4895.0	3939.0	5246.0	5517.0	6476.0	6480.0	2641.0	-5.25	18.07	-11.42	3.97	0.64	-1.97
6493.0	6497.0	6520.0	6511.0	6477.0	6479.0	2646.0	3.38	17.45	1.75	4.32	0.62	-1.66
6491.0	6496.0	6514.0	6501.0	6473.0	6479.0	2651.0	3.67	16.08	6.6	0.79	1.26	-0.78
6488.0	6497.0	6516.0	6498.0	6481.0	6458.0	2656.0	5.5	-1.66	-14.2	-1.17	0.61	-0.87
6495.0	6501.0	6513.0	6503.0	6484.0	6468.0	2662.0	-0.73	8.36	-9.74	-2.57	0.25	-0.13
6494.0	6511.0	6514.0	6499.0	6459.0	6497.0	2667.0	1.83	9.59	-9.52	-2.2	0.64	-0.04
6489.0	6518.0	6507.0	6496.0	6464.0	6474.0	2672.0	1.16	7.29	-8.61	-0.86	0.05	-0.03
6502.0	6509.0	6511.0	6513.0	6482.0	6478.0	2677.0	1.91	6.42	-7.89	-0.2	0.02	-0.02
6608.0	6499.0	6506.0	6487.0	6461.0	6499.0	2683.0	1.81	5.74	-7.6	-0.0	0.03	0.0
6495.0	6500.0	6513.0	6511.0	6487.0	6488.0	2688.0	1.59	5.11	-7.44	-0.05	-0.02	-0.03
6495.0	6500.0	6459.0	6436.0	6409.0	6798.0	2693.0	1.93	5.37	-7.48	-0.24	-0.06	-0.1
6636.0	6489.0	6472.0	6470.0	6426.0	6896.0	2698.0	1.25	5.96	-7.59	-0.21	-0.08	-0.14
3868.0	3332.0	3415.0	3621.0	3335.0	4072.0	2704.0	1.41	5.5	-7.47	-0.33	0.01	-0.06
3572.0	4011.0	3690.0	3813.0	3290.0	3359.0	2709.0	1.94	6.02	-7.25	-0.31	0.13	0.0
3495.0	3395.0	3221.0	3196.0	3176.0	3232.0	2714.0	1.24	5.92	-7.54	-0.49	0.23	0.01
3477.0	3535.0	3299.0	3348.0	3363.0	3336.0	2719.0	1.5	6.39	-7.39	-1.01	0.49	0.11
3527.0	3851.0	3359.0	3399.0	3450.0	3261.0	2725.0	2.14	5.9	-8.27	-1.7	0.79	0.17
3314.0	3552.0	3421.0	3488.0	3446.0	3407.0	2730.0	2.88	6.88	-9.96	-4.14	0.88	-0.14
3381.0	3297.0	3295.0	3407.0	3448.0	3738.0	2735.0	2.06	10.44	-10.51	-4.41	1.09	-0.42
3274.0	3204.0	3228.0	3238.0	3379.0	3279.0	2740.0	4.02	12.22	-9.75	-4.41	0.71	-1.0
3254.0	3946.0	4024.0	4111.0	4022.0	3707.0	2746.0	1.2	5.31	-12.81	0.85	-0.23	-2.61
3943.0	5184.0	5414.0	6300.0	4268.0	4206.0	2751.0	1.95	1.57	-6.65	2.75	-0.47	-2.65
4216.0	4191.0	4158.0	3607.0	3564.0	3591.0	2756.0	0.88	5.66	-6.98	4.32	-0.27	-1.01
4038.0	4234.0	4217.0	4202.0	4336.0	4210.0	2761.0	-0.27	8.39	-7.11	4.32	0.45	0.32
3664.0	3636.0	6219.0	6215.0	6473.0	6489.0	2767.0	-1.35	11.9	-9.03	4.32	0.79	0.78
6487.0	6494.0	6519.0	6506.0	6479.0	6472.0	2772.0	1.39	23.49	-9.52	4.32	0.26	1.51
6489.0	6498.0	6513.0	6507.0	6473.0	6479.0	2777.0	-2.18	22.71	3.21	4.32	-0.06	1.17
6490.0	6501.0	6518.0	6500.0	3968.0	5774.0	2782.0	-3.04	17.27	13.56	1.13	0.71	-0.03
6488.0	6497.0	4462.0	4323.0	4298.0	6300.0	2788.0	-2.6	-0.13	-7.73	-2.49	0.11	-0.72
6491.0	6501.0	6451.0	6439.0	6459.0	6585.0	2793.0	0.65	11.96	-10.75	-3.0	1.08	-0.2
6522.0	6498.0	6516.0	6511.0	6472.0	6479.0	2798.0	1.55	8.09	-8.54	-1.41	0.47	0.31
6527.0	6435.0	6445.0	6433.0	6406.0	7063.0	2803.0	1.78	6.34	-7.81	-0.54	0.19	0.22
6607.0	6465.0	6454.0	6441.0	6433.0	6035.0	2808.0	1.26	5.9	-7.4	-0.42	0.19	0.15
4491.0	5583.0	4427.0	6496.0	6485.0	6570.0	2814.0	2.69	6.14	-7.35	-0.34	0.14	0.02
6700.0	6553.0	6465.0	6465.0	6438.0	6558.0	2819.0	1.86	6.32	-7.23	-0.31	0.0	-0.07
6713.0	6598.0	6473.0	6456.0	6425.0	6536.0	2824.0	2.14	6.12	-7.07	-0.19	0.04	-0.02
6709.0	6667.0	6477.0	6449.0	6435.0	6459.0	2830.0	2.66	5.99	-7.07	-0.18	-0.0	-0.09
6706.0	6699.0	6476.0	5642.0	4927.0	5064.0	2835.0	1.52	6.28	-7.12	-0.25	-0.01	-0.12
3638.0	3764.0	3289.0	3240.0	3273.0	3201.0	2840.0	1.4	6.24	-7.28	-0.63	0.25	0.06
3340.0	3691.0	3371.0	3453.0	3650.0	3333.0	2845.0	2.15	6.23	-7.56	-1.45	0.63	0.22
3391.0	3462.0	3244.0	3371.0	3482.0	3204.0	2850.0	2.69	5.97	-8.32	-2.52	0.83	0.19
3202.0	3269.0	3241.0	3303.0	3371.0	3302.0	2856.0	1.07	9.21	-10.39	-4.41	0.87	-0.21
3395.0	3240.0	3380.0	3426.0	3267.0	3228.0	2861.0	4.22	14.82	-10.36	-4.41	1.67	-0.06
3210.0	3723.0	3716.0	3438.0	3512.0	4855.0	2866.0	6.4	12.64	-13.24	-4.41	2.56	-0.59
3693.0	6078.0	6510.0	4362.0	3888.0	3620.0	2871.0	1.45	1.89	-7.05	2.7	-0.19	-2.28
4145.0	4182.0	4272.0	4210.0	4807.0	5244.0	2877.0	0.9	3.38	-5.74	3.71	-0.33	-1.96
5356.0	6388.0	6520.0	4280.0	3574.0	3596.0	2882.0	0.69	6.0	-6.0	4.32	0.14	-0.47
3589.0	3614.0	3645.0	3627.0	3565.0	3966.0	2887.0	-1.56	7.33	-5.09	4.32	0.34	0.0
4328.0	5315.0	5221.0	4099.0	5532.0	6470.0	2892.0	2.53	17.22	-13.05	4.32	0.73	1.03
6483.0	6497.0	6521.0	6510.0	6473.0	6475.0	2898.0	2.79	24.21	-2.5	4.32	-1.03	1.27
6492.0	6495.0	6516.0	6493.0	6487.0	6485.0	2903.0	0.22	18.49	6.46	3.9	-0.01	1.04
6494.0	6494.0	6518.0	6511.0	6481.0	6470.0	2908.0	-4.19	12.19	9.18	0.23	-0.41	0.7
6483.0	6490.0	6525.0	6512.0	5912.0	6494.0	2913.0	-3.02	11.68	-10.9	-2.79	0.25	-0.44
5143.0	3563.0	4643.0	6447.0	6421.0	7098.0	2919.0	0.71	11.63	-10.94	-2.37	0.73	-0.25
6450.0	6495.0	6517.0	6516.0	6436.0	6582.0	2924.0	3.38	9.14	-8.93	-1.23	0.39	0.06
6531.0	6461.0	6448.0	6441.0	6402.0	6661.0	2929.0	1.54	6.81	-8.04	-0.45	0.1	0.05
6494.0	5375.0	5918.0	4945.0	6113.0	6905.0	2934.0	1.25	5.68	-7.69	-0.17	0.13	0.08
6582.0	6494.0	6462.0	6446.0	6473.0	4393.0	2940.0	2.09	5.48	-7.45	-0.26	0.29	0.19
3606.0	3448.0	3379.0	3366.0	3346.0	3553.0	2945.0	2.13	5.96	-7.32	-0.25	0.2	0.12
3510.0	3413.0	3298.0	3251.0	3222.0	3390.0	2950.0	1.96	5.85	-7.35	-0.16	-0.01	-0.06
3495.0	3395.0	3227.0	3213.0	3163.0	3273.0	2955.0	1.71	5.74	-7.26	-0.19	-0.05	-0.11
3425.0	3420.0	3223.0	3209.0	3198.0	3206.0	2961.0	1.25	5.77	-7.54	-0.28	0.08	-0.06
3380.0	3506.0	3215.0	3217.0	3245.0	3203.0	2966.0	1.63	6.14	-7.43	-0.73	0.34	0.06
3456.0	4066.0	3855.0	3426.0	3419.0	3292.0	2971.0	2.32	6.16	-7.61	-1.15	0.51	0.1
3257.0	3373.0	3238.0	3319.0	3404.0	3191.0	2976.0	3.02	4.93	-10.32	-3.26	0.79	-0.25
3180.0	3215.0	3247.0	3295.0	3282.0	3251.0	2982.0	4.28	11.42	-11.84	-4.41	0.54	-1.15
3567.0	3347.0	3233.0	3217.0	3223.0	3265.0	2987.0	5.54	14.57	-9.9	-4.41	-0.29	-2.1
3757.0	4079.0	5129.0	4964.0	5279.0	6490.0	2992.0	1.26	23.18	-19.05	-3.64	-2.08	-2.51
4648.0	4383.0	6513.0	6504.0	5080.0	4945.0	2997.0	1.48	1.77	-7.17	3.13	-1.04	-1.7
5786.0	4219.0	4249.0	4192.0	4111.0	4084.0	3003.0	1.92	4.53	-4.66	4.32	-0.62	-1.38
4104.0	3407.0	3438.0	3715.0	4127.0	4131.0	3008.0	1.92	7.36	-5.87	4.32	-0.12	0.21
4124.0	4187.0	4249.0	3700.0	3471.0	3915.0	3013.0	-0.51	10.31	-7.19	4.32	0.67	0.94
6490.0	6497.0	6516.0	6492.0	6477.0	6470.0	3018.0	2.07	19.77	-10.71	4.32	1.0	1.77
6489.0	6495.0	6513.0	6505.0	6485.0	6479.0	3024.0	-2.01	22.37	2.38	4.25	-0.79	2.07
6491.0	6501.0	6515.0	6506.0	6483.0	6470.0	3029.0	-3.0	18.39	12.67	2.32	-0.55	0.82
6490.0	6498.0	5391.0	6121.0	6471.0	6499.0	3034.0	-2.09	4.67	-20.1	-1.99	0.5	-0.06
6492.0	6499.0	6517.0	6523.0	6470.0	6584.0	3039.0	-0.35	15.76	-11.0	-3.48	0.9	-0.11
6464.0	6472.0	6468.0	6454.0	6447.0	6486.0	3045.0	3.54	11.38	-9.54	-1.78	0.39	-0.11
6133.0	4629.0	4707.0	4019.0	3939.0	4606.0	3050.0	1.45	7.35	-7.99	-0.36	-0.1	-0.09
4076.0	3912.0	3794.0	3916.0	3771.0	4120.0	3055.0	1.37	6.26	-7.67	-0.06	-0.07	-0.04
3881.0	4079.0	4012.0	5389.0	6425.0	6919.0	3060.0	0.52	5.87	-7.46	-0.03	-0.08	-0.06
6524.0	6115.0	6478.0	6103.0	6479.0	6489.0	3066.0	0.87	5.69	-7.46	-0.07	0.06	0.06
6558.0	6477.0	6474.0	6459.0	6442.0	6822.0	3071.0	0.7	5.7	-7.44	-0.04	0.09	0.06
4659.0	4485.0	6080.0	6453.0	6447.0	6463.0	3076.0	0.83	5.56	-7.54	-0.1	0.23	0.08
4302.0	4625.0	4141.0	4849.0	6438.0	6488.0	3081.0	0.81	5.69	-7.6	-0.26	0.29	0.09
5110.0	6639.0	6480.0	4248.0	3261.0	3180.0	3087.0	1.09	6.12	-7.53	-0.69	0.56	0.23
3284.0	3477.0	3248.0	3277.0	3341.0	3308.0	3092.0	1.71	6.12	-7.6	-1.16	0.71	0.28
3559.0	3826.0	3364.0	3434.0	3688.0	3708.0	3097.0	2.76	5.45	-8.79	-2.04	0.84	0.2
3504.0	3637.0	3550.0	3589.0	3596.0	3484.0	3102.0	4.3	8.15	-11.0	-4.41	0.99	-0.26
3431.0	3646.0	4004.0	4144.0	3375.0	3237.0	3108.0	6.58	13.95	-10.61	-4.41	0.25	-1.65
3232.0	3212.0	3265.0	3316.0	3862.0	4029.0	3113.0	7.08	5.12	-9.57	-4.41	-0.6	-2.56
5330.0	4812.0	4208.0	3583.0	3448.0	3477.0	3118.0	2.04	3.17	-11.56	1.77	-0.23	-1.61
3459.0	4279.0	5162.0	6506.0	5321.0	4256.0	3123.0	2.54	2.45	-6.64	3.51	-0.05	-1.19
4452.0	3878.0	3831.0	3511.0	3484.0	3476.0	3129.0	0.17	5.94	-6.37	4.32	0.13	0.25
3646.0	4093.0	4107.0	4278.0	3913.0	3757.0	3134.0	-1.17	10.76	-7.64	4.32	1.08	0.28
3403.0	4031.0	3733.0	5944.0	6486.0	6468.0	3139.0	1.61	17.18	-10.62	4.32	1.62	0.99
6490.0	6500.0	6518.0	6511.0	6473.0	6476.0	3144.0	-1.12	24.99	-3.64	4.32	-0.25	2.1
6491.0	6499.0	6512.0	6506.0	6479.0	6474.0	3150.0	-1.71	18.64	10.95	2.78	0.11	0.97
4515.0	3486.0	3379.0	3662.0	3801.0	6026.0	3155.0	3.58	11.75	6.63	0.12	0.64	0.45
4125.0	3612.0	3987.0	6231.0	6477.0	6493.0	3160.0	-3.24	11.88	-10.82	-3.34	-0.25	-0.67
6503.0	6511.0	6515.0	6505.0	6463.0	6491.0	3165.0	2.59	12.76	-10.2	-2.91	0.45	-0.48
6513.0	6500.0	6513.0	6506.0	6484.0	6496.0	3171.0	0.22	8.16	-8.11	-0.77	-0.18	-0.13
6529.0	6517.0	6509.0	6523.0	6486.0	6491.0	3176.0	1.66	6.03	-7.49	-0.22	0.1	0.09
6497.0	6500.0	6514.0	6521.0	6482.0	6488.0	3181.0	0.84	6.08	-7.48	-0.16	0.01	-0.01
6498.0	5527.0	5352.0	6513.0	6490.0	6494.0	3186.0	1.24	6.08	-7.35	-0.14	0.12	0.04
6651.0	6532.0	6480.0	6476.0	6439.0	6542.0	3192.0	1.16	6.08	-7.38	-0.11	0.14	0.05
6616.0	6570.0	5526.0	4086.0	4739.0	6480.0	3197.0	1.34	5.91	-7.39	-0.13	0.13	0.03
6614.0	6595.0	6488.0	6469.0	6471.0	6467.0	3202.0	1.23	6.16	-7.26	-0.26	0.2	0.05
6569.0	6091.0	6260.0	6473.0	6480.0	5682.0	3207.0	1.54	5.96	-7.38	-0.35	0.25	0.06
3864.0	6722.0	4926.0	3476.0	3307.0	3188.0	3213.0	1.24	6.36	-7.28	-0.78	0.43	0.13
3190.0	3432.0	3279.0	3340.0	3497.0	3588.0	3218.0	2.1	6.2	-7.59	-1.52	0.65	0.21
3723.0	3991.0	4137.0	4008.0	6019.0	3610.0	3223.0	2.94	6.14	-8.49	-2.59	0.71	0.08
3420.0	3445.0	3879.0	4117.0	3729.0	3326.0	3228.0	3.44	9.39	-10.14	-4.41	0.57	-0.76
3211.0	3224.0	3236.0	3231.0	3260.0	3249.0	3233.0	4.47	12.65	-9.75	-4.41	0.86	-1.19
3247.0	3248.0	3341.0	3562.0	3254.0	3405.0	3239.0	5.35	10.24	-10.43	-4.41	1.17	-1.54
4389.0	3413.0	3439.0	3447.0	3684.0	3654.0	3244.0	2.79	1.77	-7.88	2.44	-0.27	-1.91
3362.0	3747.0	4118.0	3586.0	3437.0	3564.0	3249.0	1.08	2.85	-5.71	3.44	-0.52	-1.22
3589.0	3588.0	3586.0	3938.0	3782.0	3789.0	3254.0	0.37	5.73	-5.99	4.32	0.42	0.22
3675.0	3501.0	3443.0	3427.0	3393.0	3522.0	3260.0	-0.46	9.73	-7.34	4.32	1.18	0.65
3570.0	4512.0	3522.0	3492.0	4235.0	6235.0	3265.0	0.02	17.08	-12.42	4.32	1.21	1.58
5371.0	5343.0	6513.0	6497.0	6468.0	6483.0	3270.0	-0.03	24.74	-4.33	3.61	0.14	1.63
6492.0	6498.0	6518.0	6506.0	6493.0	6478.0	3275.0	-0.58	22.47	4.53	3.96	0.25	1.81
6490.0	6497.0	6513.0	6500.0	6244.0	3951.0	3281.0	0.07	7.39	12.26	0.14	-0.19	0.13
4601.0	4419.0	5971.0	6514.0	6476.0	6493.0	3286.0	-1.92	13.42	-11.03	-2.97	0.1	-0.35
6505.0	6520.0	6504.0	6497.0	6460.0	6493.0	3291.0	3.13	10.56	-9.73	-2.34	0.53	-0.38
6500.0	6500.0	6514.0	6517.0	6480.0	6481.0	3296.0	2.31	8.56	-8.39	-0.97	-0.17	-0.23
6585.0	6510.0	6499.0	6495.0	6465.0	6481.0	3302.0	0.44	7.11	-7.9	-0.29	-0.28	-0.21
6624.0	6497.0	6512.0	6517.0	6482.0	6494.0	3307.0	0.8	6.1	-7.42	0.02	-0.1	-0.06
6544.0	6466.0	6512.0	6510.0	6489.0	6480.0	3312.0	0.88	5.52	-7.59	-0.09	-0.12	-0.1
6497.0	6502.0	6502.0	6472.0	6439.0	6899.0	3317.0	0.42	6.08	-7.45	-0.12	-0.12	-0.1
6549.0	6471.0	6029.0	6450.0	3962.0	5768.0	3323.0	0.65	5.87	-7.48	0.01	0.02	0.01
6559.0	6488.0	6465.0	6450.0	6448.0	6754.0	3328.0	0.36	5.74	-7.39	-0.09	0.07	-0.03
6587.0	6531.0	6476.0	6469.0	6456.0	6491.0	3333.0	0.42	5.67	-7.72	-0.24	0.24	0.05
6631.0	6437.0	3786.0	3586.0	3641.0	3231.0	3338.0	0.85	6.05	-7.66	-0.75	0.46	0.15
3273.0	3473.0	3560.0	3774.0	3601.0	3970.0	3344.0	0.79	6.23	-7.61	-1.16	0.61	0.17
3401.0	3646.0	3518.0	3531.0	3480.0	3386.0	3349.0	3.06	5.49	-9.08	-2.95	0.93	0.05
3378.0	3367.0	3414.0	3566.0	3932.0	3918.0	3354.0	3.84	10.67	-10.89	-4.41	0.22	-1.15
3614.0	3233.0	3226.0	3246.0	3499.0	3542.0	3359.0	4.59	13.59	-10.42	-4.41	0.38	-1.81
3263.0	3317.0	3684.0	4780.0	4318.0	5251.0	3365.0	3.78	13.99	-12.77	-4.41	-0.27	-2.41
6309.0	6037.0	5557.0	6495.0	6470.0	6487.0	3370.0	2.81	1.0	-6.68	2.61	0.19	-0.9
6491.0	6502.0	6520.0	4804.0	4285.0	4179.0	3375.0	1.06	3.92	-6.13	3.5	-0.32	0.09
4489.0	4382.0	3443.0	3430.0	3429.0	3479.0	3380.0	-1.15	7.77	-6.94	4.32	0.1	0.97
3607.0	3500.0	3701.0	3781.0	3624.0	3484.0	3386.0	-1.81	10.06	-6.81	4.32	0.69	0.71
3451.0	4290.0	3886.0	5569.0	6483.0	6474.0	3391.0	0.45	19.96	-13.25	4.32	0.61	1.43
6488.0	6495.0	6516.0	6501.0	6489.0	6476.0	3396.0	-1.89	21.27	1.77	4.32	-0.02	1.14
6491.0	6497.0	6510.0	6503.0	6472.0	6484.0	3401.0	-0.05	19.41	9.05	3.13	0.86	0.79
6492.0	6496.0	6518.0	6503.0	6475.0	4768.0	3407.0	1.47	2.68	-11.44	-1.71	-0.54	0.29
6490.0	5783.0	6517.0	6521.0	5230.0	6083.0	3412.0	-5.09	9.54	-9.93	-2.93	0.31	-0.14
6498.0	6518.0	6515.0	6509.0	6476.0	6497.0	3417.0	3.73	9.93	-9.52	-2.6	0.83	0.01
6498.0	6500.0	6514.0	6514.0	6492.0	6485.0	3422.0	2.26	8.72	-8.27	-1.03	-0.15	-0.13
6591.0	6513.0	6496.0	6487.0	6477.0	6465.0	3428.0	0.47	6.66	-7.73	-0.27	-0.19	-0.12
6638.0	6507.0	6512.0	6505.0	6479.0	6497.0	3433.0	0.72	6.13	-7.44	-0.06	0.02	0.01
6497.0	6501.0	6514.0	6511.0	6486.0	6475.0	3438.0	1.24	5.74	-7.49	-0.14	0.09	0.06
6497.0	6501.0	6484.0	6447.0	6430.0	6710.0	3443.0	0.72	6.19	-7.34	-0.16	0.08	0.03
6651.0	4650.0	4924.0	5514.0	5063.0	6605.0	3449.0	1.39	6.07	-7.43	-0.11	0.16	0.08
6171.0	5980.0	3645.0	3570.0	3253.0	3772.0	3454.0	1.17	5.99	-7.27	-0.11	0.13	0.05
4123.0	4333.0	4232.0	4278.0	4042.0	4096.0	3459.0	1.63	6.01	-7.31	-0.24	0.18	0.05
3768.0	3481.0	3304.0	3303.0	3632.0	3991.0	3464.0	1.45	6.11	-7.41	-0.47	0.23	0.02
4163.0	3981.0	4001.0	3837.0	3393.0	3315.0	3469.0	1.13	6.24	-7.36	-0.74	0.35	0.07
3543.0	3672.0	3324.0	3402.0	3385.0	3235.0	3475.0	2.14	5.61	-8.47	-1.84	0.74	0.16
3396.0	3399.0	3314.0	3363.0	3303.0	3251.0	3480.0	3.21	7.54	-10.28	-4.36	0.67	-0.47
3354.0	3361.0	3315.0	3451.0	3480.0	3463.0	3485.0	2.62	12.46	-9.96	-4.41	0.56	-0.99
3262.0	3220.0	3322.0	3435.0	3239.0	3678.0	3491.0	4.03	9.72	-7.88	-4.41	0.54	-1.58
3660.0	3415.0	4226.0	4490.0	4204.0	4226.0	3496.0	0.35	8.65	-12.15	-0.77	0.34	-2.42
4555.0	6500.0	6515.0	4243.0	4200.0	4218.0	3501.0	2.91	1.74	-6.13	2.07	0.15	-1.8
4271.0	4272.0	6401.0	6505.0	6482.0	6473.0	3506.0	1.29	5.77	-7.58	4.07	0.5	0.42
6491.0	6159.0	3484.0	3408.0	3347.0	3359.0	3511.0	-1.26	7.21	-7.1	4.32	0.55	0.75
3345.0	3519.0	4040.0	6099.0	3908.0	6244.0	3517.0	-1.18	13.43	-10.36	4.32	1.04	0.89
6490.0	5863.0	6076.0	6502.0	6467.0	6472.0	3522.0	0.96	20.4	-8.29	4.1	0.06	1.41
4079.0	4691.0	5475.0	3607.0	3550.0	3552.0	3527.0	-4.07	23.13	1.79	4.31	-0.05	1.38
3817.0	6493.0	5963.0	6388.0	6485.0	6470.0	3532.0	-4.46	15.23	15.85	1.37	-0.2	0.21
6488.0	5716.0	4798.0	4443.0	4245.0	4663.0	3538.0	-2.26	8.72	-14.24	-2.69	-0.6	0.26
6493.0	6505.0	6516.0	6502.0	6465.0	6936.0	3543.0	2.2	10.42	-10.13	-2.4	0.91	-0.26
6474.0	6491.0	6473.0	6498.0	6465.0	6493.0	3548.0	0.87	8.11	-8.14	-0.77	-0.16	-0.15
6496.0	6499.0	6515.0	6495.0	6481.0	6471.0	3553.0	1.31	6.93	-7.86	-0.15	-0.16	-0.12
6592.0	6501.0	6502.0	6485.0	6482.0	6497.0	3559.0	0.9	5.71	-7.59	0.08	-0.1	-0.05
6593.0	6498.0	6515.0	6504.0	6482.0	6478.0	3564.0	0.85	5.48	-7.74	0.02	-0.15	-0.1
4508.0	6452.0	6456.0	6441.0	6430.0	6942.0	3569.0	0.45	5.79	-7.59	-0.09	-0.11	-0.08
6548.0	6469.0	6464.0	6452.0	6451.0	5300.0	3574.0	0.4	5.63	-7.47	-0.08	0.07	0.03
4190.0	6500.0	6485.0	6460.0	4387.0	5890.0	3580.0	0.8	5.74	-7.5	-0.11	0.16	0.06
6590.0	6558.0	6443.0	5416.0	3954.0	3960.0	3585.0	1.05	5.88	-7.65	-0.27	0.3	0.11
3741.0	4072.0	3564.0	3262.0	3223.0	3252.0	3590.0	0.88	5.95	-7.54	-0.53	0.39	0.14
3306.0	3424.0	3288.0	3317.0	3282.0	3224.0	3595.0	1.24	6.09	-7.58	-0.82	0.53	0.18
3244.0	3441.0	3449.0	3511.0	3382.0	3270.0	3601.0	1.98	5.46	-8.43	-1.8	0.87	0.25
3391.0	3407.0	3316.0	3450.0	3368.0	3243.0	3606.0	3.1	6.1	-9.05	-3.33	0.84	0.03
3320.0	3518.0	3522.0	4151.0	4436.0	3989.0	3611.0	2.88	10.67	-9.32	-4.41	0.4	-1.03
3308.0	3288.0	3239.0	3270.0	3312.0	3504.0	3616.0	3.17	13.07	-7.12	-4.41	0.11	-1.56
3955.0	3958.0	4024.0	4012.0	3831.0	3884.0	3622.0	0.4	20.56	-14.5	-4.26	0.29	-1.95
4015.0	3785.0	3580.0	4031.0	3990.0	4242.0	3627.0	4.71	1.22	-6.71	2.95	0.24	-1.9
4417.0	4026.0	4029.0	3984.0	3259.0	3247.0	3632.0	1.2	3.92	-6.33	4.32	-0.33	-0.05
3235.0	3248.0	3317.0	3932.0	4223.0	4223.0	3637.0	1.7	6.1	-7.58	4.32	-0.16	0.87
5527.0	6497.0	6519.0	6500.0	6373.0	3399.0	3643.0	1.91	12.57	-11.47	4.32	0.15	1.43
3324.0	3292.0	4022.0	5411.0	5296.0	5339.0	3648.0	6.63	22.17	-13.99	4.32	-0.43	2.01
6489.0	6496.0	6516.0	6124.0	4017.0	3582.0	3653.0	2.54	20.93	4.38	4.32	-1.62	3.36
4118.0	3376.0	3696.0	3450.0	3313.0	3426.0	3658.0	2.52	18.71	12.4	0.66	1.0	2.87
3722.0	3639.0	3398.0	3257.0	3252.0	3905.0	3664.0	-0.34	5.55	-11.14	-2.14	-0.88	1.24
4021.0	4084.0	4016.0	3826.0	3611.0	4543.0	3669.0	-4.7	13.82	-10.65	-3.02	1.2	-0.05
3560.0	3781.0	3891.0	3836.0	3752.0	3909.0	3674.0	6.84	8.7	-8.61	-2.43	0.97	-0.18
3543.0	3532.0	3538.0	3512.0	3371.0	4128.0	3679.0	-0.52	6.73	-8.16	-0.19	-0.66	-0.53
4075.0	4108.0	4084.0	3960.0	3567.0	3750.0	3685.0	0.38	5.79	-7.7	-0.07	-0.06	-0.09
3341.0	3410.0	3288.0	3543.0	3920.0	3947.0	3690.0	0.96	5.85	-7.62	-0.2	0.1	0.01
3961.0	3441.0	3287.0	3267.0	3235.0	3345.0	3695.0	1.57	5.91	-7.7	-0.27	0.18	0.07
3281.0	3340.0	3320.0	3299.0	3291.0	3315.0	3700.0	0.5	6.06	-7.33	-0.26	0.13	-0.02
3310.0	3376.0	3304.0	3288.0	3285.0	3279.0	3706.0	1.0	6.16	-7.31	-0.31	0.24	0.04
3313.0	3445.0	3351.0	3314.0	3314.0	3299.0	3711.0	1.21	6.36	-7.19	-0.32	0.19	-0.0
3290.0	3467.0	3318.0	3298.0	3320.0	3265.0	3716.0	0.88	6.1	-7.49	-0.42	0.25	0.0
3229.0	3372.0	3334.0	3328.0	3329.0	3871.0	3721.0	0.92	6.02	-7.65	-1.14	0.49	0.09
4251.0	6202.0	5425.0	3453.0	3400.0	3261.0	3727.0	3.71	5.66	-9.39	-3.02	0.63	0.03
3243.0	3350.0	4011.0	5630.0	6504.0	6468.0	3732.0	4.87	8.64	-11.58	-4.41	0.24	-0.73
6300.0	5802.0	3826.0	3312.0	3209.0	3196.0	3737.0	9.37	12.83	-9.85	-4.41	-2.0	-2.85
3213.0	3198.0	3402.0	5028.0	5082.0	5742.0	3742.0	5.29	18.29	-8.22	-4.41	-4.36	-3.25
4853.0	4764.0	4868.0	4351.0	4143.0	3411.0	3748.0	4.07	8.78	-6.86	2.03	-4.36	-0.62
4146.0	4305.0	4335.0	4582.0	4213.0	4218.0	3753.0	4.82	5.61	-2.46	3.99	-3.71	-1.91
4222.0	3749.0	3544.0	3537.0	4082.0	4449.0	3758.0	9.22	9.32	-5.71	4.32	-2.52	-1.41
4773.0	4704.0	4758.0	4853.0	4367.0	4485.0	3763.0	11.76	9.61	-4.48	4.32	-3.14	0.68
4307.0	4170.0	3723.0	3678.0	3599.0	3773.0	3769.0	13.92	17.22	-9.65	4.32	-2.56	3.31
3684.0	3475.0	3563.0	3638.0	3590.0	3603.0	3774.0	14.34	22.11	-7.95	4.32	-3.17	4.38
3603.0	3584.0	3600.0	3607.0	3529.0	3588.0	3779.0	2.88	17.54	1.57	4.24	-2.23	4.38
4051.0	4195.0	3741.0	4075.0	3520.0	3205.0	3784.0	-1.49	21.91	8.72	1.24	-0.55	4.38
3232.0	3311.0	3322.0	3268.0	3227.0	3254.0	3790.0	2.62	13.14	1.27	0.24	0.83	0.74
3263.0	3214.0	3321.0	3559.0	3658.0	3760.0	3795.0	-6.8	4.81	-9.77	-2.18	1.04	0.85
3398.0	3859.0	4637.0	6461.0	5211.0	3856.0	3800.0	7.38	11.32	-9.59	-1.71	1.14	0.11
5162.0	3683.0	3299.0	3240.0	3166.0	3719.0	3805.0	2.79	6.7	-7.65	-0.25	-0.0	-0.01
3297.0	3207.0	3196.0	3190.0	3165.0	3697.0	3811.0	1.52	6.07	-7.52	-0.02	-0.07	-0.07
3240.0	3196.0	3183.0	3172.0	3159.0	3614.0	3816.0	1.17	5.85	-7.54	-0.01	-0.02	-0.04
3298.0	3192.0	3185.0	3168.0	3150.0	3604.0	3821.0	1.72	5.55	-7.31	-0.01	0.07	0.08
3294.0	3192.0	3187.0	3180.0	3142.0	3630.0	3826.0	1.56	5.87	-7.4	-0.05	-0.02	0.01
3299.0	3197.0	3180.0	3176.0	3137.0	3587.0	3831.0	1.66	5.45	-7.35	-0.12	-0.03	-0.02
3372.0	3223.0	3185.0	3190.0	3151.0	3424.0	3837.0	1.13	5.63	-7.39	-0.18	0.05	-0.03
3422.0	3279.0	3202.0	3181.0	3158.0	3264.0	3842.0	1.16	5.74	-7.62	-0.34	0.2	0.03
3399.0	3349.0	3217.0	3213.0	3219.0	3192.0	3847.0	1.58	6.06	-7.3	-0.62	0.35	0.09
3277.0	3417.0	3223.0	3258.0	3270.0	3205.0	3853.0	1.93	6.04	-7.7	-1.11	0.43	0.06
3246.0	3383.0	3477.0	3839.0	3839.0	3455.0	3858.0	2.83	6.35	-7.98	-2.02	0.54	-0.05
3386.0	3394.0	3629.0	3962.0	6024.0	4225.0	3863.0	5.36	6.88	-9.6	-3.76	0.07	-0.86
3579.0	3267.0	3249.0	3229.0	3206.0	3201.0	3868.0	4.36	11.87	-9.79	-4.41	-0.77	-2.3
3169.0	3184.0	3246.0	3264.0	3496.0	3775.0	3874.0	6.04	12.73	-9.44	-4.41	-2.16	-3.2
3934.0	3648.0	3894.0	6198.0	5492.0	5903.0	3879.0	2.61	15.96	-13.87	-1.66	-4.27	-1.38
6495.0	5230.0	4671.0	5390.0	6482.0	6488.0	3884.0	2.96	2.87	-6.88	2.97	-1.96	0.22
6497.0	6053.0	4263.0	4271.0	4191.0	3577.0	3889.0	0.6	5.85	-6.14	4.32	-0.41	-0.14
3529.0	3525.0	3550.0	3540.0	4068.0	4159.0	3894.0	1.68	7.83	-6.1	4.32	0.26	0.22
4177.0	3938.0	3504.0	3499.0	3512.0	3509.0	3900.0	2.26	11.9	-9.01	4.32	0.73	1.2
5027.0	6489.0	6516.0	6512.0	6485.0	6481.0	3905.0	1.13	24.86	-9.4	4.32	0.23	2.97
6491.0	6491.0	6512.0	6517.0	6467.0	6485.0	3910.0	-1.31	24.46	0.68	4.32	-0.46	2.62
6493.0	6491.0	6518.0	3760.0	3429.0	3836.0	3916.0	-6.26	18.52	15.84	1.5	0.45	1.14
3478.0	3839.0	3707.0	3535.0	3463.0	3703.0	3921.0	0.38	-3.48	-7.78	-2.17	-0.44	-0.55
4535.0	5886.0	4079.0	3516.0	3529.0	4407.0	3926.0	-1.99	10.4	-10.76	-2.99	0.33	-0.49
4511.0	6286.0	6475.0	6474.0	6477.0	6597.0	3931.0	3.18	9.29	-8.99	-1.93	0.53	-0.09
6481.0	6469.0	6457.0	6438.0	6415.0	7026.0	3936.0	2.19	7.6	-8.13	-0.62	-0.07	-0.08
6537.0	6473.0	6450.0	6444.0	4943.0	4152.0	3942.0	1.68	6.18	-7.67	-0.18	-0.16	-0.13
3596.0	3423.0	3407.0	3381.0	3338.0	3981.0	3947.0	0.63	5.94	-7.52	-0.05	-0.04	-0.03
3513.0	3890.0	3503.0	3450.0	3380.0	3923.0	3952.0	1.53	5.6	-7.46	-0.1	0.1	0.07
3620.0	3575.0	3483.0	3402.0	3488.0	3931.0	3957.0	1.52	5.93	-7.41	-0.13	-0.05	-0.06
3731.0	3507.0	3483.0	3396.0	3984.0	3851.0	3963.0	0.96	5.95	-7.43	-0.03	0.0	-0.04
3532.0	3545.0	4344.0	3509.0	3635.0	3722.0	3968.0	1.43	5.76	-7.39	-0.09	0.06	0.0
4476.0	3968.0	3559.0	4204.0	3554.0	3282.0	3973.0	1.12	5.74	-7.58	-0.27	0.15	-0.01
3480.0	3462.0	3256.0	3234.0	3246.0	3202.0	3978.0	1.68	6.06	-7.56	-0.72	0.37	0.05
3241.0	3422.0	3273.0	3326.0	3343.0	3865.0	3984.0	1.55	5.91	-7.93	-1.2	0.54	0.06
3343.0	3414.0	3411.0	3523.0	3534.0	3413.0	3989.0	2.74	5.67	-9.51	-3.21	0.65	-0.26
3387.0	4038.0	3465.0	3556.0	4005.0	3512.0	3994.0	3.5	9.17	-9.71	-4.41	0.28	-0.78
3204.0	3202.0	3227.0	3206.0	3182.0	3192.0	3999.0	5.2	14.57	-10.01	-4.41	0.13	-1.5
3185.0	3225.0	3251.0	3863.0	3950.0	3818.0	4005.0	2.77	19.29	-14.38	-4.11	-0.57	-2.05
4233.0	4163.0	4096.0	4101.0	4069.0	4080.0	4010.0	3.76	2.5	-8.96	1.92	-0.49	-1.38
4090.0	4096.0	4130.0	4107.0	4139.0	4109.0	4015.0	1.85	3.79	-5.58	3.37	-0.51	-0.47
3428.0	3423.0	3457.0	3444.0	3517.0	4103.0	4020.0	2.15	6.04	-6.49	4.32	-0.11	0.37
4093.0	4018.0	4042.0	3399.0	3323.0	3281.0	4026.0	-0.06	9.54	-6.52	4.32	0.71	0.64
3368.0	3576.0	4021.0	5514.0	4873.0	3838.0	4031.0	3.2	19.45	-13.3	4.32	1.19	1.69
6345.0	6493.0	6512.0	6492.0	6491.0	6481.0	4036.0	-0.35	21.43	-7.0	4.32	-0.08	2.11
6492.0	6488.0	6516.0	6491.0	6476.0	3977.0	4041.0	-1.41	17.88	7.74	3.47	0.2	1.26
3745.0	3762.0	4004.0	3781.0	3961.0	4168.0	4047.0	6.73	7.36	-7.21	-1.21	0.2	0.54
3410.0	3517.0	3880.0	4425.0	6390.0	6476.0	4052.0	-6.87	0.89	-7.8	-2.66	-1.18	-0.66
6495.0	6481.0	6477.0	6451.0	6417.0	6946.0	4057.0	2.95	12.07	-9.88	-2.93	0.6	-0.35
6484.0	6499.0	6513.0	6515.0	6481.0	6482.0	4062.0	2.4	9.93	-8.97	-1.51	-0.01	-0.22
6585.0	6517.0	6500.0	6489.0	6465.0	6470.0	4067.0	0.89	6.67	-7.78	-0.16	-0.14	-0.11
6592.0	6528.0	6495.0	6482.0	6475.0	6491.0	4073.0	0.75	6.12	-7.41	-0.0	-0.22	-0.14
6494.0	6501.0	6511.0	6524.0	6475.0	6488.0	4078.0	1.01	5.38	-7.53	-0.02	-0.26	-0.16
6496.0	6503.0	6514.0	6504.0	6438.0	6920.0	4083.0	0.58	6.01	-7.46	-0.12	-0.22	-0.13
6519.0	6454.0	6475.0	6448.0	6460.0	6796.0	4089.0	0.55	5.62	-7.36	-0.06	-0.01	-0.04
3955.0	3852.0	3882.0	5827.0	6449.0	6577.0	4094.0	0.39	5.75	-7.42	-0.13	0.07	-0.05
6550.0	6528.0	6530.0	6481.0	6456.0	6485.0	4099.0	0.46	6.07	-7.52	-0.36	0.29	0.07
6236.0	6440.0	5707.0	3564.0	3947.0	3392.0	4104.0	0.45	6.13	-7.58	-0.57	0.4	0.12
3224.0	3312.0	3375.0	3328.0	3420.0	3346.0	4109.0	0.75	6.05	-7.72	-1.14	0.61	0.18
3342.0	3268.0	3395.0	3514.0	3308.0	3266.0	4115.0	2.28	5.71	-9.4	-3.25	0.78	0.0
3333.0	3304.0	3388.0	3368.0	3303.0	3322.0	4120.0	4.98	8.41	-10.26	-4.41	0.4	-0.63
3193.0	3455.0	3222.0	3207.0	3205.0	3219.0	4125.0	5.15	13.31	-9.49	-4.41	0.4	-1.64
3529.0	3740.0	3941.0	3971.0	3975.0	4256.0	4130.0	2.3	6.31	-6.65	-4.41	-0.02	-1.96
4428.0	4697.0	4336.0	3984.0	3635.0	3516.0	4136.0	2.94	5.75	-10.66	1.84	-0.05	-1.47
3474.0	3478.0	4103.0	4158.0	4122.0	4127.0	4141.0	1.66	4.28	-4.6	4.32	0.06	0.3
4210.0	4143.0	4031.0	3885.0	3274.0	3290.0	4146.0	-1.0	7.21	-6.14	4.32	0.07	1.09
3314.0	3830.0	4032.0	4022.0	3996.0	3379.0	4151.0	-3.63	10.11	-7.3	4.32	0.94	0.61
3269.0	3272.0	3783.0	3782.0	4052.0	4164.0	4157.0	0.25	20.2	-13.31	4.32	1.11	1.37
5766.0	6491.0	6517.0	6505.0	6468.0	6476.0	4162.0	0.66	25.89	-5.37	4.32	-0.75	1.52
6490.0	6496.0	6511.0	6504.0	4139.0	4742.0	4167.0	-1.89	18.7	12.23	3.06	0.69	0.84
3570.0	3972.0	3856.0	3594.0	3735.0	4235.0	4172.0	1.93	13.61	9.53	0.05	0.89	0.36
3914.0	4020.0	4056.0	6168.0	6481.0	5306.0	4178.0	-4.21	0.33	-5.65	-2.55	-0.95	-0.79
4355.0	4830.0	6384.0	6511.0	6421.0	6749.0	4183.0	3.62	11.37	-9.84	-2.76	0.41	-0.41
6501.0	6496.0	6508.0	4326.0	4290.0	4358.0	4188.0	1.77	11.43	-9.32	-1.31	-0.33	-0.37
6574.0	6512.0	6511.0	5529.0	4686.0	4248.0	4193.0	1.0	6.46	-7.76	-0.08	-0.2	-0.12
4224.0	4249.0	4516.0	4294.0	4233.0	4582.0	4199.0	0.56	6.06	-7.58	0.03	-0.28	-0.19
4529.0	4510.0	4535.0	4810.0	4269.0	4182.0	4204.0	0.41	5.29	-7.7	0.01	-0.35	-0.23
4116.0	4092.0	4158.0	4164.0	3726.0	3919.0	4209.0	-0.03	5.71	-7.41	-0.1	-0.14	-0.12
3561.0	4745.0	4252.0	4364.0	4038.0	4119.0	4214.0	0.17	5.79	-7.43	-0.08	-0.06	-0.1
4481.0	4399.0	3869.0	3462.0	3952.0	4526.0	4220.0	-0.36	5.58	-7.48	-0.08	0.08	-0.05
4666.0	4006.0	6413.0	4499.0	4958.0	4919.0	4225.0	0.27	5.79	-7.77	-0.28	0.21	0.02
6074.0	5734.0	4339.0	4577.0	4391.0	3351.0	4230.0	-0.43	5.73	-7.96	-0.6	0.34	0.08
3220.0	3241.0	3886.0	3565.0	3838.0	3670.0	4235.0	1.02	5.13	-9.8	-1.75	0.63	0.15
3333.0	3318.0	3901.0	3429.0	3292.0	3272.0	4240.0	2.43	6.12	-9.99	-3.66	0.36	-0.18
3984.0	3899.0	3955.0	3812.0	3790.0	3894.0	4246.0	1.12	11.33	-10.76	-4.41	0.12	-0.94
3253.0	3216.0	3352.0	3380.0	3311.0	4067.0	4251.0	1.26	12.66	-8.36	-4.41	0.09	-1.68
4542.0	4561.0	4163.0	4062.0	4111.0	4095.0	4256.0	-4.2	23.75	-15.0	-4.13	0.82	-1.92
4086.0	4057.0	4086.0	4093.0	4063.0	4072.0	4262.0	4.49	1.32	-6.78	3.09	0.68	-0.61
4094.0	4067.0	4065.0	4062.0	4001.0	3965.0	4267.0	-2.03	6.63	-7.03	4.32	0.11	1.86
3968.0	3967.0	3990.0	3835.0	3234.0	3252.0	4272.0	-4.87	8.34	-6.36	4.32	0.15	1.48
3280.0	3236.0	3271.0	3280.0	3242.0	3259.0	4277.0	-4.38	11.24	-8.42	4.32	1.29	0.68
3284.0	3381.0	3865.0	4394.0	5794.0	6477.0	4282.0	-3.87	19.48	-10.74	4.32	0.34	0.46
6487.0	6496.0	6512.0	6497.0	6465.0	6482.0	4288.0	1.07	20.62	5.11	4.23	0.54	0.68
6489.0	6491.0	6514.0	6503.0	5653.0	5359.0	4293.0	-0.27	13.96	9.86	0.86	-0.15	0.6
4193.0	3740.0	3642.0	3923.0	4202.0	4634.0	4298.0	-2.0	5.49	-12.77	-2.58	-0.79	-0.06
4485.0	4845.0	3385.0	3959.0	6453.0	6926.0	4303.0	0.39	10.43	-9.88	-2.62	0.56	-0.39
6472.0	6459.0	6468.0	6502.0	6477.0	6474.0	4309.0	3.88	10.35	-9.04	-1.6	0.09	-0.23
6554.0	6498.0	6498.0	6488.0	6464.0	6473.0	4314.0	0.34	6.98	-7.82	-0.15	-0.32	-0.21
6535.0	6499.0	6514.0	6515.0	6475.0	5141.0	4319.0	0.45	6.02	-7.51	0.04	-0.31	-0.19
6100.0	4734.0	4515.0	4385.0	4548.0	4285.0	4324.0	0.14	5.59	-7.69	0.02	-0.28	-0.17
4067.0	4229.0	4290.0	4209.0	3557.0	3854.0	4330.0	0.0	5.84	-7.46	-0.04	-0.19	-0.13
3363.0	3318.0	3451.0	3924.0	3424.0	3951.0	4335.0	0.08	5.55	-7.43	-0.02	-0.1	-0.11
3638.0	3558.0	3742.0	3855.0	3680.0	4407.0	4340.0	-0.19	5.53	-7.36	-0.03	-0.01	-0.11
6523.0	5470.0	4108.0	4201.0	3865.0	3558.0	4345.0	-0.12	5.84	-7.71	-0.24	0.23	0.02
3693.0	3412.0	3644.0	3313.0	3238.0	3195.0	4351.0	-0.34	5.9	-7.76	-0.46	0.34	0.07
3255.0	3284.0	3982.0	3885.0	3701.0	3946.0	4356.0	0.76	5.52	-8.56	-1.2	0.71	0.19
3242.0	3480.0	3743.0	3406.0	3262.0	3229.0	4361.0	1.47	5.62	-9.85	-3.69	0.53	-0.26
3231.0	3252.0	3423.0	3706.0	3690.0	3435.0	4366.0	4.95	9.35	-12.73	-4.41	0.37	-0.91
3218.0	3256.0	3236.0	3219.0	3273.0	3272.0	4372.0	6.39	13.0	-9.87	-4.41	0.25	-2.2
3417.0	4568.0	4360.0	4296.0	4099.0	4178.0	4377.0	-1.39	11.08	-8.84	-4.41	-1.21	-2.81
4100.0	4200.0	4751.0	4442.0	4378.0	4215.0	4382.0	5.52	2.02	-7.74	2.04	0.43	-0.23
4279.0	4196.0	4128.0	4130.0	4074.0	4028.0	4387.0	0.51	5.09	-5.57	3.49	-0.46	1.35
3992.0	3987.0	4027.0	4066.0	4032.0	4063.0	4392.0	-1.1	8.07	-6.48	4.32	-0.31	1.3
4014.0	3349.0	3388.0	3467.0	3377.0	3389.0	4398.0	-1.79	11.01	-7.57	4.32	0.73	0.77
